72,45
0,0,19.260595,20.94594
0,1,19.79945,29.656555
0,2,19.937195,40.188362
0,3,20.03343,50.587513
0,4,20.059849,60.860348
0,5,20.040731,71.00258
0,6,20.017769,81.33348
0,7,19.998379,92.02987
0,8,19.981014,101.73643
0,9,19.961536,111.92804
0,10,19.9354,122.18623
0,11,19.898088,132.46445
0,12,19.849411,142.80008
0,13,19.803812,152.69756
0,14,19.725477,162.86952
0,15,19.543419,173.25195
0,16,19.781303,184.09494
0,17,19.919342,194.37083
0,18,19.99591,204.3893
0,19,20.076391,214.99307
0,20,20.24269,225.28337
0,21,22.143604,240.2935
0,22,20.271198,245.36674
0,23,20.115355,256.80145
0,24,20.067219,265.62936
0,25,20.043163,275.6537
0,26,20.028685,285.8877
0,27,20.01844,296.0616
0,28,20.009851,306.35754
0,29,20.001364,316.51782
0,30,19.991438,326.75052
0,31,19.978432,337.0222
0,32,19.96237,347.24734
0,33,19.955544,357.55048
0,34,19.991732,367.6483
0,35,20.08454,377.82126
0,36,20.265255,387.84995
0,37,20.804953,398.4697
0,38,21.042028,407.35895
0,39,20.239157,418.60837
0,40,20.053028,428.99402
0,41,19.889866,439.33475
0,42,19.19678,449.41333
0,43,19.868065,459.55475
0,44,19.953833,469.76215
1,0,26.1448,20.23836
1,1,26.415762,30.537169
1,2,26.397148,40.070045
1,3,26.51345,50.64737
1,4,26.524958,60.947567
1,5,26.458126,70.35102
1,6,26.416443,81.377396
1,7,26.389324,93.01261
1,8,26.367989,101.72454
1,9,26.34366,111.89345
1,10,26.306358,122.155235
1,11,26.232151,132.42596
1,12,26.01489,142.83769
1,13,25.901232,153.32037
1,14,26.10241,162.91795
1,15,26.130764,173.22443
1,16,26.216991,183.84747
1,17,26.297861,194.25372
1,18,26.349054,204.43506
1,19,26.388199,215.35011
1,20,26.422983,225.36491
1,21,26.473278,236.30388
1,22,26.55752,245.51088
1,23,27.09349,260.54004
1,24,26.821161,265.76773
1,25,26.56327,275.64032
1,26,26.495113,285.89856
1,27,26.467249,296.06976
1,28,26.453094,306.36514
1,29,26.444712,316.51904
1,30,26.43731,326.74512
1,31,26.426994,337.0089
1,32,26.412573,347.18112
1,33,26.401941,357.49222
1,34,26.411684,367.6573
1,35,26.454172,377.82678
1,36,26.571865,387.35678
1,37,28.328972,398.44443
1,38,26.695871,407.8035
1,39,26.41356,418.97217
1,40,26.124819,429.4882
1,41,26.18858,439.48975
1,42,26.332594,449.431
1,43,26.307592,459.55734
1,44,26.342144,469.76254
2,0,32.824497,20.275251
2,1,32.690834,28.223145
2,2,32.812374,40.022934
2,3,32.990154,50.89166
2,4,32.741585,61.280815
2,5,32.082855,70.15373
2,6,32.61162,81.97222
2,7,32.683258,92.13732
2,8,32.70289,101.70476
2,9,32.70299,111.84002
2,10,32.685726,122.102486
2,11,32.64118,132.3785
2,12,32.551056,142.82074
2,13,32.49535,153.31062
2,14,32.438736,162.9865
2,15,31.08912,173.16049
2,16,32.52368,183.73358
2,17,32.701984,194.1543
2,18,32.777637,204.44357
2,19,32.837116,215.6706
2,20,32.89386,225.48863
2,21,32.980408,235.33386
2,22,33.18732,245.59613
2,23,33.1747,258.04175
2,24,33.47694,266.14767
2,25,33.23126,275.64832
2,26,33.03526,285.9114
2,27,32.959305,296.07993
2,28,32.923103,306.3753
2,29,32.90492,316.52246
2,30,32.895393,326.74237
2,31,32.888077,337.0004
2,32,32.87951,347.13782
2,33,32.877518,357.45663
2,34,32.905518,367.67242
2,35,33.03665,377.83157
2,36,33.642036,385.58945
2,37,32.94799,398.81702
2,38,32.77219,408.54486
2,39,32.445404,419.81116
2,40,29.387995,432.267
2,41,32.069427,440.8175
2,42,32.178513,449.4509
2,43,32.626255,459.56036
2,44,32.720814,469.76324
3,0,38.428787,21.94828
3,1,38.662483,25.576296
3,2,38.816635,38.475407
3,3,38.781704,51.040977
3,4,38.519493,62.03148
3,5,38.57728,71.204956
3,6,39.212093,81.65356
3,7,39.232548,91.837204
3,8,39.147755,101.66855
3,9,39.1384,111.7533
3,10,39.111084,122.02976
3,11,39.075443,132.31839
3,12,39.02846,142.7741
3,13,38.988678,153.06555
3,14,38.925415,163.05016
3,15,38.802727,173.09592
3,16,38.962605,183.66566
3,17,39.07166,194.07338
3,18,39.12574,204.40201
3,19,39.162926,215.34245
3,20,39.194046,225.64146
3,21,39.22774,235.38791
3,22,39.28469,245.41927
3,23,39.414368,256.1676
3,24,40.258667,267.0759
3,25,39.664734,275.64795
3,26,39.368378,285.927
3,27,39.313988,296.09305
3,28,39.298794,306.3891
3,29,39.301453,316.5302
3,30,39.31468,326.74353
3,31,39.33074,336.99878
3,32,39.3389,347.09003
3,33,39.44074,357.4323
3,34,39.531597,367.70032
3,35,39.859734,377.82788
3,36,40.600994,385.07547
3,37,39.198196,399.05304
3,38,38.815285,411.6213
3,39,38.33174,419.30804
3,40,38.795986,429.3047
3,41,36.44467,442.81747
3,42,38.90732,449.4848
3,43,39.094753,459.56445
3,44,39.144512,469.7642
4,0,42.701923,14.65363
4,1,43.93104,27.78259
4,2,45.587715,35.12037
4,3,45.427788,50.265217
4,4,45.47056,60.925964
4,5,45.52755,71.35673
4,6,45.69317,81.3792
4,7,45.944187,91.81506
4,8,45.729652,101.605034
4,9,45.649216,111.4815
4,10,45.600933,121.93768
4,11,45.564087,132.25813
4,12,45.533916,142.74603
4,13,45.50682,153.00598
4,14,45.459057,163.57063
4,15,45.416878,173.04544
4,16,45.445946,183.66862
4,17,45.488132,194.00063
4,18,45.50819,204.34595
4,19,45.497753,215.21547
4,20,45.419567,225.33643
4,21,45.604076,235.62042
4,22,45.779858,245.19028
4,23,45.669083,255.77028
4,24,45.650524,266.16785
4,25,45.653603,275.65582
4,26,45.66625,285.94577
4,27,45.68453,296.11035
4,28,45.70757,306.40887
4,29,45.734657,316.54446
4,30,45.76658,326.75055
4,31,45.797924,337.0058
4,32,45.803352,347.02292
4,33,45.792583,357.4113
4,34,45.831623,367.75293
4,35,46.179844,377.80307
4,36,45.93508,387.90134
4,37,45.385654,403.71378
4,38,45.15923,409.05362
4,39,45.238438,418.92557
4,40,44.63347,429.11642
4,41,45.31937,439.77316
4,42,45.548424,449.53918
4,43,45.602135,459.5697
4,44,45.606724,469.7655
5,0,50.2071,19.370573
5,1,50.610947,28.767061
5,2,51.05732,38.969055
5,3,51.86233,49.813854
5,4,52.011772,60.547626
5,5,52.216988,71.38319
5,6,52.415802,81.39047
5,7,53.210228,92.1038
5,8,52.263195,101.516304
5,9,52.11392,111.09726
5,10,52.043804,121.85942
5,11,52.006016,132.27316
5,12,51.992344,142.82692
5,13,51.98871,152.96187
5,14,51.942387,163.56639
5,15,51.886932,173.25372
5,16,51.863327,184.63692
5,17,51.855614,193.88965
5,18,51.823883,204.30646
5,19,51.710472,215.04138
5,20,51.431717,225.09084
5,21,51.770855,236.04085
5,22,51.90339,245.14159
5,23,51.969448,255.64365
5,24,52.013203,265.83362
5,25,52.046528,275.66602
5,26,52.075264,285.96878
5,27,52.10267,296.15735
5,28,52.132385,306.43753
5,29,52.16631,316.5692
5,30,52.21176,326.7663
5,31,52.27559,337.0249
5,32,52.272633,346.90143
5,33,52.199142,357.38406
5,34,52.137066,367.84985
5,35,52.050526,377.7447
5,36,51.873135,388.06052
5,37,51.50296,399.34677
5,38,51.750767,408.6441
5,39,51.774517,418.82855
5,40,50.748142,429.0438
5,41,51.670235,439.4297
5,42,51.99077,449.639
5,43,52.03398,459.5766
5,44,52.015385,469.76703
6,0,57.89358,19.82694
6,1,54.997288,26.13896
6,2,59.783993,46.480225
6,3,55.253147,49.722504
6,4,58.444687,60.446728
6,5,58.785122,72.17002
6,6,58.465218,81.45114
6,7,57.39067,91.57781
6,8,58.20901,101.534294
6,9,58.291016,109.56838
6,10,58.300663,122.06637
6,11,58.28581,132.38199
6,12,58.248657,141.87746
6,13,58.108494,152.73048
6,14,54.45561,165.02019
6,15,57.87045,172.9728
6,16,58.296207,184.33968
6,17,58.294365,193.82059
6,18,58.254757,204.2955
6,19,58.191685,214.83835
6,20,58.14236,224.87448
6,21,58.229084,235.4188
6,22,58.312897,244.99536
6,23,58.3716,255.64513
6,24,58.41572,265.72626
6,25,58.45073,275.6765
6,26,58.481026,285.9975
6,27,58.511345,296.18994
6,28,58.547657,306.47928
6,29,58.5907,316.61346
6,30,58.655346,326.79584
6,31,58.826138,337.06473
6,32,58.834114,346.69556
6,33,58.653706,357.34482
6,34,58.599247,367.9641
6,35,58.515015,377.63263
6,36,58.360905,388.03723
6,37,58.2226,398.6737
6,38,58.22656,408.54245
6,39,58.213707,418.7815
6,40,58.082302,429.00327
6,41,58.256924,439.29865
6,42,58.54298,449.89563
6,43,58.49842,459.5858
6,44,58.42433,469.76907
7,0,65.05639,20.75102
7,1,63.806652,29.538647
7,2,63.349033,41.941284
7,3,61.8672,46.093887
7,4,64.70812,60.78875
7,5,64.946465,72.91222
7,6,65.14913,81.67134
7,7,64.42035,91.55047
7,8,64.08208,101.71779
7,9,60.47777,109.45569
7,10,64.2155,122.581245
7,11,64.82892,131.4022
7,12,62.953556,141.99637
7,13,64.54259,151.68938
7,14,64.7157,163.39372
7,15,64.33817,172.82318
7,16,64.74359,183.43109
7,17,64.72964,193.73836
7,18,64.68255,204.3383
7,19,64.643776,214.69093
7,20,64.62986,224.66574
7,21,64.66846,234.92696
7,22,64.722084,244.88963
7,23,64.77355,255.6374
7,24,64.818504,265.69403
7,25,64.85486,275.68546
7,26,64.88404,286.0322
7,27,64.914764,296.2336
7,28,64.95862,306.54208
7,29,65.01016,316.65778
7,30,65.122955,326.84946
7,31,65.47787,337.14655
7,32,65.50956,346.18137
7,33,65.0445,357.28186
7,34,64.894875,367.9207
7,35,64.435,377.4452
7,36,64.721016,388.00415
7,37,64.74881,398.49976
7,38,64.736084,408.50034
7,39,64.706406,418.75607
7,40,64.68734,428.98364
7,41,64.83059,439.2292
7,42,65.792694,452.60535
7,43,64.994736,459.59872
7,44,64.83664,469.77185
8,0,70.91562,21.349463
8,1,70.95146,30.533192
8,2,67.33032,41.554153
8,3,70.207466,49.910503
8,4,70.888214,61.211235
8,5,71.087715,66.940155
8,6,71.59782,81.95066
8,7,71.41878,92.17857
8,8,71.13807,101.95568
8,9,71.39043,111.43234
8,10,71.060295,120.425476
8,11,69.73794,131.02364
8,12,70.752625,142.03989
8,13,70.44708,149.44601
8,14,71.34234,162.4572
8,15,72.340996,173.21997
8,16,67.73581,185.06497
8,17,71.12748,193.58418
8,18,70.93878,204.50714
8,19,70.92154,214.67152
8,20,71.15903,224.60551
8,21,71.19629,234.9755
8,22,71.246346,244.7573
8,23,71.307396,255.64694
8,24,71.36441,265.70337
8,25,71.395065,275.6983
8,26,71.39364,286.0743
8,27,71.38982,296.29205
8,28,71.41519,306.67474
8,29,71.45066,316.8504
8,30,71.39448,326.94904
8,31,71.32192,337.29312
8,32,71.28452,346.56796
8,33,71.28998,357.31717
8,34,71.561806,367.788
8,35,71.46589,376.9924
8,36,71.17166,387.98306
8,37,71.1435,398.4179
8,38,71.12731,408.47998
8,39,71.10917,418.7411
8,40,71.10524,428.97183
8,41,71.15574,439.18423
8,42,71.31807,450.5146
8,43,71.530495,459.61746
8,44,71.33269,469.77582
9,0,75.63563,22.565287
9,1,78.15501,31.453308
9,2,77.13964,41.886963
9,3,77.546715,51.039078
9,4,76.90078,61.072697
9,5,77.13454,71.20674
9,6,77.43198,86.2671
9,7,77.50552,92.94673
9,8,77.57356,102.20276
9,9,77.65596,111.469604
9,10,77.67008,121.224976
9,11,77.23986,131.88521
9,12,76.691734,142.12009
9,13,77.69311,152.60162
9,14,76.70192,157.93271
9,15,79.53054,175.66435
9,16,77.39954,177.32991
9,17,77.5229,193.46396
9,18,77.376144,204.74416
9,19,76.972084,214.5547
9,20,77.4817,224.51463
9,21,77.45786,234.86685
9,22,77.6667,244.60675
9,23,77.75719,254.97708
9,24,77.84004,265.7506
9,25,77.88439,275.92532
9,26,77.87117,286.10855
9,27,77.84604,296.36816
9,28,77.89823,306.73413
9,29,78.092415,317.32153
9,30,77.898155,327.18793
9,31,77.75751,337.61026
9,32,77.70727,346.8288
9,33,77.70058,357.35187
9,34,77.70734,367.70703
9,35,77.62863,377.19037
9,36,77.56379,387.9723
9,37,77.54654,398.37088
9,38,77.537315,408.46838
9,39,77.53184,418.73212
9,40,77.54245,428.96408
9,41,77.594986,439.15033
9,42,77.78123,449.7791
9,43,81.14719,459.6666
9,44,77.78602,469.78116
10,0,83.12075,19.788906
10,1,86.382706,35.23388
10,2,82.69333,42.512592
10,3,83.351234,51.63388
10,4,80.57854,64.9622
10,5,82.54334,71.95878
10,6,83.740814,81.04181
10,7,84.09267,92.10443
10,8,84.3244,102.53178
10,9,84.42645,112.43556
10,10,84.40935,122.01912
10,11,84.02283,132.19995
10,12,83.743805,142.85934
10,13,83.232635,153.60222
10,14,82.89915,162.20114
10,15,84.1519,173.76732
10,16,86.303825,180.66121
10,17,84.32079,193.35403
10,18,83.806786,204.18515
10,19,83.60329,214.55223
10,20,84.03407,224.32545
10,21,84.43931,234.69597
10,22,85.20106,243.00192
10,23,82.76139,257.6141
10,24,84.41009,265.8683
10,25,84.46901,276.06134
10,26,84.40964,286.17633
10,27,84.271614,296.47232
10,28,84.31699,306.85562
10,29,86.3267,319.31393
10,30,84.32646,328.1211
10,31,83.82199,337.60257
10,32,83.65552,346.9204
10,33,84.085556,357.39508
10,34,84.439964,367.6744
10,35,84.24715,377.6163
10,36,84.08553,387.96857
10,37,84.02755,398.22632
10,38,83.99712,408.46164
10,39,83.9823,418.72678
10,40,83.986916,428.9589
10,41,84.02703,439.12195
10,42,84.17425,449.5917
10,43,84.91291,459.69644
10,44,84.17203,469.78845
11,0,89.7302,20.195206
11,1,90.16042,32.502766
11,2,87.80565,44.782578
11,3,89.911705,51.590393
11,4,90.73542,61.881195
11,5,90.265274,71.86795
11,6,90.13768,81.60689
11,7,90.68059,92.01878
11,8,91.40767,103.8001
11,9,91.33907,112.57832
11,10,91.643295,122.50459
11,11,90.918365,132.47205
11,12,90.52097,143.1355
11,13,90.22367,153.38637
11,14,89.98627,163.2674
11,15,90.261894,172.4089
11,16,87.38309,179.90729
11,17,89.85989,193.01028
11,18,90.18986,203.98854
11,19,90.0339,214.64075
11,20,93.60923,223.7546
11,21,90.53571,234.94109
11,22,90.31869,244.37022
11,23,87.8103,257.43823
11,24,90.73571,266.00146
11,25,91.33741,275.33316
11,26,90.68884,286.27698
11,27,90.48074,296.62622
11,28,90.38081,306.81854
11,29,90.21833,318.58752
11,30,89.79942,328.06107
11,31,90.1258,337.31976
11,32,90.3572,346.94202
11,33,90.44849,357.43842
11,34,90.47508,367.67447
11,35,89.47012,377.86063
11,36,90.70127,387.9696
11,37,90.50565,398.22217
11,38,90.370415,408.45853
11,39,90.21201,418.72482
11,40,89.777565,428.95624
11,41,90.18546,439.0966
11,42,90.35805,449.50647
11,43,90.43837,459.76895
11,44,90.44248,469.79855
12,0,96.162476,20.335627
12,1,96.38253,31.765724
12,2,96.56412,41.772278
12,3,96.86564,51.397057
12,4,96.47241,61.622765
12,5,97.01639,72.55111
12,6,97.04889,83.02511
12,7,96.584946,91.28208
12,8,95.63554,106.51409
12,9,97.09588,113.15689
12,10,97.38151,123.13141
12,11,98.01569,132.76443
12,12,96.934044,143.39467
12,13,96.64532,154.21991
12,14,96.54812,163.23442
12,15,95.71031,173.10675
12,16,95.92035,182.20924
12,17,96.3589,193.6623
12,18,97.973404,203.29367
12,19,97.10598,215.09698
12,20,98.06053,223.31203
12,21,97.633575,235.58624
12,22,94.41362,247.20012
12,23,93.91566,256.866
12,24,96.600426,266.28757
12,25,96.75553,274.72318
12,26,96.95909,286.47946
12,27,96.84018,296.8248
12,28,96.680885,306.26807
12,29,96.3532,317.5032
12,30,96.54832,327.45816
12,31,96.74578,337.22003
12,32,96.856895,346.90808
12,33,96.949715,357.46527
12,34,98.238976,367.56894
12,35,97.867966,378.06418
12,36,99.0355,387.9744
12,37,96.971725,398.22318
12,38,96.80085,408.45792
12,39,96.68599,418.72528
12,40,96.59296,428.95404
12,41,96.68054,439.06995
12,42,96.8157,449.4552
12,43,96.95722,459.9601
12,44,96.920135,469.81433
13,0,102.59111,20.500875
13,1,102.27475,31.7172
13,2,102.5236,41.72416
13,3,102.61214,51.341934
13,4,102.71252,61.501114
13,5,102.91986,72.187096
13,6,103.26886,83.23438
13,7,103.12633,88.544914
13,8,103.199005,102.98205
13,9,103.653366,113.57486
13,10,104.14524,124.64842
13,11,103.38001,132.89995
13,12,102.84901,143.61087
13,13,102.676315,158.6244
13,14,102.32354,163.56828
13,15,102.108604,174.32579
13,16,101.8165,183.31044
13,17,99.09982,194.55193
13,18,103.44399,203.20227
13,19,103.80916,218.59766
13,20,106.936005,225.22963
13,21,103.75319,234.87726
13,22,101.66351,250.47061
13,23,102.99608,257.60345
13,24,103.97661,266.60608
13,25,103.65534,274.22812
13,26,103.15262,286.9952
13,27,102.728546,296.95648
13,28,102.10192,306.49237
13,29,103.07163,316.68768
13,30,103.754845,327.83972
13,31,103.80646,337.33533
13,32,103.75385,346.3587
13,33,103.47129,357.5437
13,34,103.02465,367.51022
13,35,102.81057,378.0293
13,36,103.0582,387.9835
13,37,103.085106,398.2289
13,38,103.074684,408.45996
13,39,103.050125,418.72864
13,40,103.04376,428.95306
13,41,103.1061,439.041
13,42,103.24935,449.42035
13,43,103.74519,460.729
13,44,103.438156,469.83948
14,0,108.5492,20.656902
14,1,108.28703,31.968702
14,2,109.19998,41.784824
14,3,110.75426,51.683243
14,4,109.33311,61.454533
14,5,109.2102,71.8588
14,6,108.86845,82.54292
14,7,109.12791,89.921196
14,8,108.6954,103.616714
14,9,109.6632,114.364784
14,10,109.4693,123.165184
14,11,109.782906,133.04906
14,12,109.6773,143.6164
14,13,109.53041,153.60384
14,14,108.66334,164.0887
14,15,109.852745,177.9441
14,16,109.20709,184.16022
14,17,109.26743,194.17653
14,18,113.78077,203.75275
14,19,110.042656,214.86476
14,20,112.68517,225.09702
14,21,111.09473,233.09251
14,22,112.63782,246.37195
14,23,109.8671,258.19263
14,24,110.51733,266.55057
14,25,110.122894,275.88687
14,26,111.04384,288.7365
14,27,109.70084,297.00916
14,28,106.11543,307.29175
14,29,109.24377,316.3688
14,30,109.82148,327.45093
14,31,110.55655,338.00534
14,32,114.49838,345.9698
14,33,110.30136,358.56055
14,34,109.748985,367.59265
14,35,109.51753,377.91632
14,36,109.528336,387.99652
14,37,109.52647,398.23978
14,38,109.51225,408.46515
14,39,109.4964,418.73526
14,40,109.49519,428.95358
14,41,109.52439,439.0059
14,42,109.58343,449.394
14,43,109.670654,460.74222
14,44,109.70245,469.88025
15,0,114.87166,20.403225
15,1,115.79317,32.35439
15,2,115.5529,41.474022
15,3,115.45011,51.70955
15,4,115.48253,61.450436
15,5,115.45952,71.57831
15,6,115.5149,82.913185
15,7,115.35551,91.21224
15,8,116.76285,104.09838
15,9,115.85344,113.55763
15,10,115.85402,121.986496
15,11,116.24775,133.13521
15,12,116.34919,143.16559
15,13,116.019295,153.83635
15,14,115.63732,164.49693
15,15,115.57757,174.50993
15,16,115.20657,184.55627
15,17,114.60251,196.18417
15,18,114.742584,206.33461
15,19,114.09425,213.8429
15,20,118.06318,223.45798
15,21,113.80201,236.25302
15,22,116.72439,244.94064
15,23,116.13962,258.24872
15,24,116.51661,266.4157
15,25,117.20739,278.07144
15,26,116.57413,288.37228
15,27,116.44244,297.5002
15,28,116.06879,311.39166
15,29,116.06492,316.50348
15,30,116.19324,327.0516
15,31,116.51326,337.5508
15,32,119.64379,349.53714
15,33,116.92403,364.03586
15,34,116.481415,367.68723
15,35,115.973854,377.85626
15,36,115.90518,388.01608
15,37,115.886055,398.25748
15,38,115.87435,408.4743
15,39,115.868515,418.7464
15,40,115.87626,428.95526
15,41,115.90665,438.95938
15,42,115.97454,449.3725
15,43,116.13521,459.9621
15,44,116.254295,469.9629
16,0,121.538994,20.431326
16,1,121.4163,31.538881
16,2,121.59314,41.113503
16,3,121.807076,51.471394
16,4,121.8444,61.421303
16,5,121.81862,70.90304
16,6,121.75046,82.86863
16,7,121.75307,91.46986
16,8,122.21459,103.109665
16,9,122.08985,113.59694
16,10,121.74893,119.29777
16,11,122.567116,133.57709
16,12,123.577774,143.06966
16,13,122.56139,154.65285
16,14,122.554535,162.72913
16,15,122.15792,174.67917
16,16,121.86215,184.78871
16,17,125.48216,195.57852
16,18,121.598915,205.09872
16,19,120.54999,214.92584
16,20,120.32187,223.39316
16,21,122.404236,242.50069
16,22,121.41642,248.83488
16,23,122.43471,258.92752
16,24,122.55636,261.87646
16,25,122.56198,275.7858
16,26,122.64098,288.42252
16,27,122.733765,297.84674
16,28,122.83975,307.3364
16,29,122.61639,317.03085
16,30,122.62646,326.90292
16,31,123.85928,336.42706
16,32,122.822975,345.66342
16,33,122.77355,357.60385
16,34,122.82379,367.80316
16,35,122.40819,378.00916
16,36,122.3345,388.04608
16,37,122.31129,398.35165
16,38,122.30134,408.4896
16,39,122.2999,418.76437
16,40,122.310814,428.95868
16,41,122.34081,438.88986
16,42,122.4135,449.3536
16,43,122.65936,459.74127
16,44,123.95844,470.20728
17,0,127.910736,20.235783
17,1,128.15642,30.544378
17,2,128.18643,40.87541
17,3,128.22824,51.286102
17,4,128.15163,61.459507
17,5,126.35331,66.70956
17,6,128.47615,83.06589
17,7,128.40727,93.20658
17,8,127.74577,102.61574
17,9,126.40898,114.08249
17,10,128.73843,128.57181
17,11,128.62668,133.94804
17,12,130.43565,143.01675
17,13,133.01018,155.75775
17,14,122.42776,164.8639
17,15,127.99377,174.95425
17,16,127.75386,183.66
17,17,125.94797,192.2632
17,18,128.88394,205.62425
17,19,128.63687,214.57602
17,20,127.57944,224.44374
17,21,128.24391,238.83394
17,22,129.48772,246.78893
17,23,129.02203,261.21365
17,24,129.48448,265.07587
17,25,129.00061,275.6447
17,26,128.04419,289.0832
17,27,128.47572,297.7062
17,28,130.33514,307.45633
17,29,127.440506,320.5952
17,30,129.38225,326.47565
17,31,129.09256,335.2345
17,32,128.92894,347.07233
17,33,128.9444,357.2395
17,34,129.13936,368.21436
17,35,128.92392,378.08786
17,36,128.77364,388.09732
17,37,128.7278,398.39392
17,38,128.70537,408.51422
17,39,128.698,418.793
17,40,128.70378,428.96454
17,41,128.72528,438.7704
17,42,128.781,449.33563
17,43,128.95833,459.6372
17,44,130.7058,470.39923
18,0,134.60974,19.871674
18,1,134.78688,29.617643
18,2,134.59254,40.65143
18,3,134.52487,51.277252
18,4,134.42456,61.49205
18,5,134.20293,71.08676
18,6,134.43448,86.91418
18,7,134.56482,93.43587
18,8,132.90231,102.59558
18,9,137.32559,118.63001
18,10,134.21071,124.46257
18,11,134.56943,134.09976
18,12,134.71452,143.29424
18,13,135.85074,152.36272
18,14,128.26436,164.69374
18,15,134.50688,173.86127
18,16,134.69623,186.5163
18,17,133.26128,193.11047
18,18,131.06812,200.37823
18,19,133.9639,218.42331
18,20,136.05603,222.15294
18,21,134.07944,240.12596
18,22,133.91565,247.64723
18,23,135.0993,256.5099
18,24,137.4899,264.97223
18,25,135.78578,274.8714
18,26,135.72426,287.28418
18,27,132.16115,297.2681
18,28,135.64418,307.46356
18,29,135.61426,316.84366
18,30,136.15791,324.662
18,31,135.51126,335.90784
18,32,135.33536,347.1071
18,33,135.29353,356.97797
18,34,135.36975,370.8697
18,35,135.43486,378.33432
18,36,135.29253,388.1957
18,37,135.19151,398.4143
18,38,135.1468,408.55353
18,39,135.12624,418.84055
18,40,135.11993,428.97455
18,41,135.12454,438.54184
18,42,135.14374,449.31784
18,43,135.1818,459.57224
18,44,135.27417,470.16577
19,0,140.69392,19.922815
19,1,140.8423,28.928703
19,2,140.85126,40.348614
19,3,140.75546,51.330425
19,4,140.52852,61.19962
19,5,139.70021,71.2357
19,6,139.82738,83.42917
19,7,140.42809,94.02655
19,8,140.65257,103.98267
19,9,139.18843,113.07807
19,10,141.21133,123.29899
19,11,140.90051,133.91174
19,12,140.32976,143.20384
19,13,139.09814,153.21465
19,14,140.88838,162.73674
19,15,140.87668,173.31664
19,16,140.31581,184.12863
19,17,142.24983,196.36224
19,18,147.56654,205.47885
19,19,140.99992,216.40642
19,20,141.30573,226.85144
19,21,136.90431,240.92735
19,22,142.53386,248.51176
19,23,142.82272,255.28935
19,24,145.40315,264.24268
19,25,141.86504,274.6503
19,26,142.98346,286.7627
19,27,143.37706,289.00513
19,28,142.08429,306.53754
19,29,141.79712,316.6254
19,30,140.78389,322.6357
19,31,141.653,336.10052
19,32,141.6606,347.2155
19,33,141.64384,355.6625
19,34,141.79977,367.75085
19,35,142.82368,382.7203
19,36,141.75084,388.44263
19,37,141.58119,398.57904
19,38,141.49457,408.61917
19,39,141.37555,418.8977
19,40,140.67068,428.99454
19,41,141.08633,438.34604
19,42,141.37459,449.2994
19,43,141.4385,459.52347
19,44,141.4642,469.94827
20,0,146.9659,20.022919
20,1,147.34683,28.56187
20,2,147.21101,39.75055
20,3,146.89716,51.302036
20,4,145.75752,59.414093
20,5,146.47435,71.13749
20,6,145.94061,82.234474
20,7,148.0603,93.75479
20,8,148.10037,102.314
20,9,148.0406,112.08401
20,10,147.81924,123.07886
20,11,147.95572,133.96777
20,12,147.36046,143.22972
20,13,146.9785,155.71982
20,14,147.4917,163.52167
20,15,148.34698,168.83385
20,16,147.93098,182.9066
20,17,147.22287,194.13765
20,18,149.16243,206.01772
20,19,147.08481,214.83723
20,20,143.44302,227.31972
20,21,144.41655,235.36713
20,22,148.41582,244.67862
20,23,149.35641,255.40355
20,24,148.8611,264.42126
20,25,148.79337,276.02008
20,26,148.40636,287.3454
20,27,148.39236,294.59772
20,28,148.40302,306.24188
20,29,148.13022,316.7517
20,30,149.15056,326.0751
20,31,148.03867,336.17773
20,32,147.72351,347.22385
20,33,146.69167,353.32294
20,34,147.87378,366.50705
20,35,148.1157,378.7923
20,36,148.93478,390.78418
20,37,148.17809,399.04535
20,38,147.97476,408.7372
20,39,147.85246,419.06964
20,40,147.633,429.02667
20,41,147.67961,438.59552
20,42,147.81512,449.27872
20,43,147.86256,459.55444
20,44,147.88318,469.84384
21,0,152.5815,19.61791
21,1,153.07394,26.808817
21,2,151.14915,40.26957
21,3,152.85114,50.63042
21,4,152.54771,61.14219
21,5,152.9901,70.50053
21,6,153.57921,81.74285
21,7,153.999,91.9864
21,8,154.85591,101.13232
21,9,154.59091,110.98737
21,10,154.94765,123.36908
21,11,154.34175,134.08867
21,12,153.4855,142.79854
21,13,154.211,154.51479
21,14,155.6391,163.77649
21,15,154.59059,173.69531
21,16,153.39429,181.67775
21,17,152.49028,194.7361
21,18,151.06813,200.65051
21,19,154.37366,216.11604
21,20,156.43759,229.19139
21,21,152.44954,239.57066
21,22,154.4807,240.11205
21,23,156.12094,257.72052
21,24,155.35493,265.232
21,25,155.10846,278.75327
21,26,154.48505,286.52563
21,27,154.36441,295.92166
21,28,154.16298,302.76566
21,29,154.10829,316.61902
21,30,155.23445,326.6069
21,31,154.76892,336.29935
21,32,154.6094,347.05453
21,33,155.32149,356.79144
21,34,154.27892,366.58124
21,35,154.29266,376.55875
21,36,154.61473,389.84525
21,37,157.65967,402.42593
21,38,154.62314,409.0379
21,39,154.402,419.48236
21,40,154.2849,429.10132
21,41,154.26385,438.802
21,42,154.29665,449.25537
21,43,154.31761,459.50787
21,44,154.32892,469.78204
22,0,160.58574,18.140247
22,1,160.24373,26.652397
22,2,159.76639,38.775063
22,3,159.90215,46.31369
22,4,159.92387,60.557796
22,5,159.86333,70.61683
22,6,159.08353,81.49547
22,7,160.29337,89.55763
22,8,160.65996,100.921776
22,9,160.27757,109.51227
22,10,158.55363,124.992775
22,11,160.55075,133.46423
22,12,160.78111,141.62755
22,13,160.9596,153.61273
22,14,159.71625,163.0094
22,15,159.6802,171.09674
22,16,159.12782,180.7091
22,17,159.51056,193.03773
22,18,159.596,206.88596
22,19,157.91045,215.38054
22,20,158.31366,231.47804
22,21,162.33255,235.94835
22,22,160.73296,243.98538
22,23,161.95593,256.3648
22,24,161.527,266.26944
22,25,160.34886,277.15955
22,26,160.61601,285.6141
22,27,161.02444,296.16965
22,28,160.76767,306.3615
22,29,160.86513,316.03036
22,30,161.95789,326.0636
22,31,162.13019,336.01566
22,32,160.93839,346.50836
22,33,160.7725,357.16318
22,34,160.86227,366.89188
22,35,160.13177,376.46304
22,36,160.49936,388.58255
22,37,160.23645,400.77762
22,38,160.59358,409.58817
22,39,163.49347,418.8909
22,40,161.52748,429.33444
22,41,160.84993,438.92874
22,42,160.76137,449.22974
22,43,160.73523,459.46182
22,44,160.72842,469.73883
23,0,165.23404,17.736826
23,1,164.74486,25.589512
23,2,165.91974,38.640217
23,3,164.80247,48.480015
23,4,165.86618,60.070942
23,5,166.00146,70.09568
23,6,166.01703,81.22154
23,7,166.11214,90.99402
23,8,164.77544,103.70598
23,9,162.59398,107.593506
23,10,164.70818,124.63854
23,11,167.94464,130.60316
23,12,167.5626,141.94604
23,13,168.81499,152.94853
23,14,167.9545,157.76419
23,15,166.45592,164.62987
23,16,165.917,183.61081
23,17,165.14725,191.86615
23,18,165.19528,206.76779
23,19,165.57027,217.99992
23,20,167.607,226.99208
23,21,167.87712,235.98933
23,22,165.5432,243.44307
23,23,166.89821,257.91187
23,24,168.21367,268.7326
23,25,166.73994,277.06458
23,26,167.40627,285.4851
23,27,167.68585,296.31107
23,28,167.92987,306.38364
23,29,167.32018,315.71588
23,30,166.55267,326.4188
23,31,167.01645,336.0772
23,32,167.08641,346.09335
23,33,167.15858,357.11053
23,34,167.22928,366.79416
23,35,167.24475,377.88974
23,36,166.5445,387.83548
23,37,167.1172,398.83606
23,38,167.21698,408.919
23,39,167.35045,419.6654
23,40,168.02917,430.09814
23,41,167.5458,439.09543
23,42,167.24083,449.2066
23,43,167.17038,459.3281
23,44,167.14745,469.7039
24,0,170.91255,18.220346
24,1,173.01463,32.74431
24,2,171.8791,38.910954
24,3,172.08249,49.189007
24,4,172.36105,59.987885
24,5,171.33487,68.05278
24,6,172.30386,80.96303
24,7,172.94821,91.604706
24,8,172.06354,101.12875
24,9,170.48624,109.39959
24,10,171.09549,120.602295
24,11,173.13599,133.17581
24,12,173.81711,143.71698
24,13,173.67816,152.55719
24,14,173.32082,163.68303
24,15,172.79341,171.15639
24,16,174.71346,181.75159
24,17,170.12405,192.17381
24,18,170.69714,206.91762
24,19,173.14113,218.10301
24,20,176.94012,230.99869
24,21,176.91046,236.3455
24,22,173.44296,246.55545
24,23,174.91588,256.113
24,24,175.25201,267.0611
24,25,175.50414,278.81613
24,26,174.89316,286.1992
24,27,174.55977,296.71695
24,28,174.884,307.02292
24,29,172.34631,317.96964
24,30,173.3661,326.3826
24,31,173.76068,334.73376
24,32,173.66788,345.65897
24,33,173.28842,356.78818
24,34,173.51152,366.67264
24,35,173.70044,381.26346
24,36,171.5325,385.6185
24,37,173.62253,398.57965
24,38,173.62474,408.79147
24,39,173.67738,419.6828
24,40,173.65483,429.23758
24,41,173.58852,439.55865
24,42,173.54358,449.20844
24,43,173.528,459.28375
24,44,173.53119,469.67218
25,0,184.63145,14.691845
25,1,178.3441,29.577091
25,2,177.85184,38.102985
25,3,179.08966,48.752476
25,4,179.13693,60.021805
25,5,179.27945,70.141556
25,6,179.40768,80.70866
25,7,178.58792,89.634056
25,8,179.70837,100.63093
25,9,178.77702,109.035706
25,10,174.71391,118.56645
25,11,178.08469,126.395874
25,12,177.9498,144.19916
25,13,179.4935,155.57385
25,14,180.6113,163.68204
25,15,177.54875,171.36247
25,16,180.97527,182.74509
25,17,178.70256,193.82877
25,18,179.51814,204.86162
25,19,180.44673,215.53015
25,20,179.6913,225.74774
25,21,180.78625,235.77269
25,22,180.25987,249.5933
25,23,182.27116,249.71358
25,24,183.6297,265.6853
25,25,183.42668,282.18848
25,26,180.78943,285.7093
25,27,180.43141,297.71088
25,28,178.5808,310.25018
25,29,177.06403,317.67386
25,30,178.97195,331.2213
25,31,179.628,334.8427
25,32,178.38957,345.42856
25,33,179.41695,356.5281
25,34,179.64801,365.88437
25,35,179.65367,377.01477
25,36,179.50133,389.4679
25,37,179.76355,398.45267
25,38,179.9366,408.44916
25,39,180.18456,418.85486
25,40,180.3479,428.42136
25,41,180.6627,440.0144
25,42,184.63683,451.01508
25,43,180.03877,459.2326
25,44,179.9706,469.63824
26,0,185.18716,14.804756
26,1,183.85101,30.346903
26,2,184.22868,38.857533
26,3,186.9565,48.337124
26,4,185.72693,60.021576
26,5,185.69104,70.332375
26,6,186.75569,80.7027
26,7,187.00455,89.862595
26,8,185.75522,100.69942
26,9,182.2996,107.462265
26,10,184.53822,119.237206
26,11,184.81458,128.16336
26,12,187.93176,142.362
26,13,186.14471,151.86739
26,14,187.3754,161.17715
26,15,185.7897,163.44899
26,16,186.58856,182.91888
26,17,187.10786,195.24034
26,18,187.14757,202.95728
26,19,188.35686,215.2936
26,20,188.66498,227.62839
26,21,187.71887,235.9137
26,22,186.9648,246.12712
26,23,184.21779,256.5979
26,24,186.21562,265.64514
26,25,187.92697,277.85263
26,26,185.50575,285.07278
26,27,188.38768,299.0509
26,28,188.20232,308.02335
26,29,186.2123,312.91168
26,30,190.39127,324.77908
26,31,183.82576,332.2351
26,32,186.00366,345.35663
26,33,185.5647,356.46378
26,34,184.36372,363.27667
26,35,185.89684,375.18124
26,36,186.0031,388.09024
26,37,186.13773,398.146
26,38,186.29268,407.92026
26,39,186.40662,417.98233
26,40,186.22935,427.89706
26,41,185.8481,438.95428
26,42,186.08951,449.6513
26,43,186.19499,459.17645
26,44,186.22903,469.5964
27,0,190.65791,18.436825
27,1,190.60326,31.71769
27,2,191.08879,39.08027
27,3,191.4624,44.96704
27,4,192.2377,60.10415
27,5,192.20973,70.30099
27,6,192.51143,80.452446
27,7,192.5609,89.43199
27,8,192.46968,101.46107
27,9,192.23267,110.10581
27,10,190.30899,119.00347
27,11,191.7622,131.30254
27,12,186.05731,142.3974
27,13,192.37383,150.54643
27,14,192.1919,161.27316
27,15,192.86101,170.50232
27,16,193.63812,183.69305
27,17,194.44559,190.85004
27,18,192.0618,201.5781
27,19,193.30539,213.36723
27,20,193.4055,225.66289
27,21,196.05283,239.38179
27,22,190.3891,241.8427
27,23,193.47722,254.595
27,24,194.223,264.27133
27,25,194.42119,274.7602
27,26,192.3309,283.74557
27,27,193.81075,298.60306
27,28,195.28017,307.8499
27,29,193.7112,316.98224
27,30,193.21558,325.20804
27,31,190.63202,335.07822
27,32,192.55872,347.61383
27,33,192.32892,356.11307
27,34,191.68524,364.5494
27,35,190.9211,372.1361
27,36,191.53743,387.37018
27,37,191.80135,397.67517
27,38,192.47551,407.5938
27,39,193.533,414.68677
27,40,192.70747,428.40652
27,41,192.62369,438.54443
27,42,192.6072,448.93283
27,43,192.60796,459.11694
27,44,192.61687,469.53632
28,0,197.01172,17.912333
28,1,197.1597,28.916195
28,2,197.81223,38.7305
28,3,196.79784,44.934536
28,4,200.73712,59.97309
28,5,199.12659,70.16914
28,6,198.92273,80.28637
28,7,198.27608,90.67581
28,8,198.03128,101.06206
28,9,197.36795,108.167015
28,10,197.80574,120.69984
28,11,198.3584,130.29247
28,12,198.34142,138.84384
28,13,198.78058,149.0703
28,14,199.38858,160.47256
28,15,196.68633,169.6942
28,16,197.76663,185.07616
28,17,200.09244,190.43193
28,18,198.10042,192.06241
28,19,201.54222,209.44446
28,20,201.15706,225.35089
28,21,201.19855,236.52644
28,22,201.8285,245.74205
28,23,200.86588,252.20267
28,24,199.50209,264.5878
28,25,198.84245,274.72406
28,26,199.47844,298.67584
28,27,201.08946,297.33008
28,28,199.9776,307.55414
28,29,200.0452,317.20135
28,30,199.56947,325.7676
28,31,197.25137,336.46747
28,32,198.89876,347.53824
28,33,198.18388,353.67435
28,34,198.44542,367.16467
28,35,198.47842,375.2303
28,36,198.70692,387.26556
28,37,198.72476,397.49658
28,38,198.36871,407.6478
28,39,198.52489,416.79028
28,40,198.80455,428.64285
28,41,198.87616,438.25952
28,42,198.91313,448.75992
28,43,198.93614,459.0692
28,44,198.95349,469.4399
29,0,203.92929,18.155561
29,1,204.08081,29.11747
29,2,204.16599,37.886665
29,3,204.55916,48.65521
29,4,205.96324,52.42277
29,5,205.84521,70.30877
29,6,205.5916,85.7708
29,7,205.62262,91.38701
29,8,205.1263,99.6915
29,9,204.86662,109.3471
29,10,204.49796,122.5081
29,11,205.79692,127.66417
29,12,205.68463,142.03363
29,13,203.57945,150.59235
29,14,202.50818,159.96283
29,15,205.04982,170.68994
29,16,202.99997,184.23659
29,17,207.26846,192.25044
29,18,205.82727,209.42374
29,19,206.7054,211.20325
29,20,205.39987,228.83603
29,21,206.27876,236.3572
29,22,206.19101,244.54843
29,23,206.77814,254.65106
29,24,207.4206,267.55423
29,25,208.78702,277.20547
29,26,204.68423,291.0586
29,27,206.45522,303.58588
29,28,207.03938,313.14368
29,29,208.08585,325.3417
29,30,208.00528,326.20038
29,31,204.09502,338.29462
29,32,205.32156,349.36316
29,33,205.29868,356.22778
29,34,204.29967,368.24277
29,35,202.63875,373.21143
29,36,205.432,387.0944
29,37,206.0331,400.54263
29,38,205.16237,407.46332
29,39,205.10541,417.6076
29,40,205.29489,428.83167
29,41,205.2945,438.74673
29,42,205.25928,448.58868
29,43,205.25662,459.09082
29,44,205.2618,469.24905
30,0,210.72581,19.068256
30,1,210.5015,29.32457
30,2,210.46893,38.925964
30,3,212.15839,48.248127
30,4,210.68921,58.6821
30,5,212.30147,71.33579
30,6,214.01228,84.84102
30,7,217.81386,88.01028
30,8,210.98024,100.735916
30,9,212.02519,109.60023
30,10,211.77611,121.4347
30,11,211.8802,133.76535
30,12,212.41812,142.50569
30,13,213.0706,151.92104
30,14,211.20477,162.50594
30,15,211.12534,181.09407
30,16,212.00284,192.67084
30,17,211.61723,194.97057
30,18,212.37,200.12114
30,19,214.2566,214.97734
30,20,211.81859,227.88087
30,21,212.93417,235.24193
30,22,213.17451,244.45924
30,23,214.44476,263.071
30,24,213.88118,266.2968
30,25,212.64577,277.44012
30,26,211.37743,292.76852
30,27,213.31056,299.25153
30,28,213.2432,311.20505
30,29,213.08856,319.68964
30,30,212.6039,325.80884
30,31,212.0867,337.61807
30,32,214.34967,342.05817
30,33,213.36871,354.8253
30,34,211.08527,368.06143
30,35,210.22195,376.24817
30,36,211.19736,387.4063
30,37,212.20761,395.47726
30,38,212.67299,407.53293
30,39,212.49077,416.6231
30,40,211.59792,429.16623
30,41,209.53632,439.2616
30,42,211.3926,449.17242
30,43,211.60983,459.5468
30,44,211.6433,468.4478
31,0,217.20143,19.321651
31,1,216.67665,29.20294
31,2,216.74443,39.124153
31,3,216.449,48.499607
31,4,217.50737,52.197556
31,5,217.35907,70.265114
31,6,218.35974,81.876305
31,7,218.93939,90.98654
31,8,218.71986,99.73756
31,9,217.62112,110.00832
31,10,217.95949,120.539955
31,11,216.4773,130.01578
31,12,218.3198,144.71558
31,13,220.17366,153.35023
31,14,218.62634,160.97305
31,15,216.28772,180.89157
31,16,214.79536,180.82219
31,17,217.91327,194.69562
31,18,218.22414,201.64607
31,19,216.22408,220.14442
31,20,215.9635,229.8358
31,21,219.18929,234.13231
31,22,222.06938,244.64717
31,23,220.88039,257.26508
31,24,220.55717,268.06595
31,25,216.40652,280.2278
31,26,218.56145,286.7969
31,27,218.63562,297.28625
31,28,218.94977,307.96225
31,29,219.19067,317.5711
31,30,218.5243,325.95685
31,31,217.39595,337.2271
31,32,218.5944,343.29025
31,33,218.12451,357.51
31,34,218.02972,365.4391
31,35,217.48749,377.2584
31,36,218.62149,388.25024
31,37,217.72876,395.31323
31,38,218.8858,410.88852
31,39,218.40886,416.82593
31,40,216.5415,431.8221
31,41,218.28435,441.25156
31,42,218.05014,451.00467
31,43,218.05424,458.80298
31,44,218.12141,468.09616
32,0,223.87953,19.45211
32,1,223.8352,28.344194
32,2,224.00029,39.434944
32,3,224.47037,54.414223
32,4,224.20827,59.60447
32,5,224.24579,70.99805
32,6,225.458,80.192696
32,7,225.58041,91.44878
32,8,225.16196,97.29256
32,9,225.91585,112.223564
32,10,224.46991,120.85247
32,11,223.80765,133.31784
32,12,225.34346,144.00719
32,13,229.97241,159.15872
32,14,225.00113,161.54695
32,15,225.09767,175.77003
32,16,223.60953,182.1216
32,17,223.16731,190.82903
32,18,224.38423,203.65157
32,19,224.5125,212.96579
32,20,225.51958,223.15909
32,21,226.92432,235.35623
32,22,229.26788,255.74997
32,23,225.94011,255.95126
32,24,229.22607,265.5928
32,25,226.39217,279.64868
32,26,224.3577,287.23267
32,27,224.7047,298.58142
32,28,224.60806,310.21274
32,29,225.54182,319.8315
32,30,224.82738,326.62912
32,31,223.10767,336.0145
32,32,224.32439,345.42953
32,33,224.50569,358.19968
32,34,224.32346,366.91687
32,35,224.41321,377.4006
32,36,225.46605,389.25906
32,37,224.94205,401.8638
32,38,224.39061,412.4649
32,39,223.95387,418.71933
32,40,224.27534,429.6258
32,41,224.40749,441.3967
32,42,224.30579,451.67484
32,43,224.53119,459.66193
32,44,227.18958,470.57043
33,0,230.12868,19.573505
33,1,229.31111,29.217896
33,2,230.61032,39.679447
33,3,231.1003,51.10793
33,4,230.7562,61.02616
33,5,230.90926,70.71534
33,6,230.99487,81.16232
33,7,231.23512,92.58829
33,8,230.93256,99.66697
33,9,230.97401,111.94367
33,10,231.0141,121.72032
33,11,231.29929,133.70772
33,12,231.134,144.33192
33,13,230.41,151.40965
33,14,230.79164,163.94962
33,15,232.58817,175.68497
33,16,230.076,182.87479
33,17,225.84372,191.37585
33,18,230.38171,204.2421
33,19,229.63368,213.2417
33,20,229.98846,227.9536
33,21,230.53802,235.43533
33,22,234.92891,244.45563
33,23,237.41144,258.66437
33,24,228.01842,270.55014
33,25,231.91824,278.08783
33,26,230.96826,287.66318
33,27,230.75014,305.87845
33,28,230.65681,304.0222
33,29,233.4257,320.4629
33,30,230.82875,326.83636
33,31,232.77264,340.58926
33,32,229.94331,344.69693
33,33,230.5826,357.46518
33,34,230.83197,367.42838
33,35,231.0999,376.19858
33,36,232.0982,385.77838
33,37,230.5064,401.50876
33,38,231.4551,409.0405
33,39,232.8364,422.1945
33,40,231.29669,429.61255
33,41,231.28601,439.84598
33,42,231.22159,452.7157
33,43,231.2733,459.5682
33,44,231.08083,469.81827
34,0,236.18494,19.938501
34,1,236.46916,30.617432
34,2,236.99612,40.011326
34,3,237.3544,50.920403
34,4,238.02715,61.547302
34,5,237.43793,69.92663
34,6,238.97873,80.32119
34,7,238.49144,89.07935
34,8,237.75717,99.7419
34,9,236.76242,112.03491
34,10,236.90247,122.21434
34,11,237.03856,132.46884
34,12,236.91112,143.67476
34,13,236.69519,152.56332
34,14,240.96268,172.33247
34,15,239.19572,176.90828
34,16,237.7071,184.11467
34,17,236.62924,196.54942
34,18,236.19926,203.5882
34,19,237.23709,214.60237
34,20,238.5855,221.24814
34,21,238.14725,235.54163
34,22,238.70093,248.49786
34,23,236.45634,261.3247
34,24,235.26361,271.69504
34,25,238.38722,278.34494
34,26,234.65416,286.4536
34,27,238.55656,304.17947
34,28,232.7168,307.4226
34,29,236.72067,318.3908
34,30,237.43695,326.27814
34,31,237.02838,336.43622
34,32,237.38953,346.4531
34,33,236.39508,353.97812
34,34,237.03465,365.02194
34,35,237.51862,376.37488
34,36,237.32637,386.12823
34,37,237.34929,399.27148
34,38,237.98288,409.00394
34,39,238.33534,419.4153
34,40,237.68724,429.47534
34,41,237.5629,439.67892
34,42,237.53679,450.21878
34,43,237.63698,459.75656
34,44,237.3514,470.05136
35,0,243.04445,20.398808
35,1,241.87369,29.194914
35,2,243.23022,40.22663
35,3,242.85188,48.60784
35,4,246.83337,62.859665
35,5,243.90355,71.914116
35,6,244.22575,78.00872
35,7,245.0263,89.44725
35,8,243.91599,99.97619
35,9,243.89478,111.75721
35,10,243.67499,122.54001
35,11,246.39868,132.31995
35,12,244.1335,143.87996
35,13,243.54347,153.17308
35,14,245.77698,163.54546
35,15,242.6706,178.11009
35,16,241.26175,182.61842
35,17,242.99048,195.83408
35,18,241.80927,197.97423
35,19,244.63098,215.44565
35,20,242.4465,225.43483
35,21,243.1468,235.76161
35,22,243.33673,247.85403
35,23,242.30505,258.0333
35,24,244.02625,270.12808
35,25,243.98862,277.12802
35,26,244.99113,287.72235
35,27,243.93855,304.46783
35,28,244.598,306.54248
35,29,244.13972,316.38504
35,30,243.47517,326.49945
35,31,243.382,336.72037
35,32,244.223,347.72464
35,33,244.25584,359.04257
35,34,245.04779,370.71143
35,35,244.33212,378.82117
35,36,243.83977,388.4011
35,37,243.92572,399.10413
35,38,244.25603,409.14035
35,39,244.65529,419.08835
35,40,244.12563,429.35184
35,41,243.92029,439.60776
35,42,243.75519,450.53958
35,43,243.29214,459.97568
35,44,242.14748,470.64462
36,0,247.42078,23.283321
36,1,249.46881,30.29488
36,2,249.4639,40.337955
36,3,249.37605,52.245552
36,4,249.41129,61.187233
36,5,249.09998,70.16181
36,6,249.47922,79.70025
36,7,249.96703,92.61789
36,8,249.77406,100.862724
36,9,249.96736,111.80532
36,10,250.12334,122.971695
36,11,249.95622,132.66905
36,12,250.31828,145.07825
36,13,249.90926,154.04774
36,14,246.02643,164.57358
36,15,248.67519,171.4768
36,16,253.58176,187.3175
36,17,250.54124,191.78958
36,18,251.42566,203.90125
36,19,249.38232,216.19962
36,20,249.55522,221.07509
36,21,249.45616,237.66562
36,22,249.10822,247.62154
36,23,250.61432,257.8472
36,24,251.88002,270.6694
36,25,249.80719,280.97818
36,26,249.7616,287.32944
36,27,249.6329,295.77246
36,28,249.79118,309.41888
36,29,251.18571,317.27982
36,30,249.7194,326.67856
36,31,248.54356,341.81128
36,32,250.56194,349.59723
36,33,250.08012,360.9044
36,34,249.2751,372.00653
36,35,248.48459,383.36465
36,36,248.87187,388.68173
36,37,250.17366,398.84952
36,38,250.50662,409.57452
36,39,251.29012,420.26413
36,40,250.83702,429.29886
36,41,250.30548,439.52396
36,42,249.39642,452.26535
36,43,250.19,459.83212
36,44,251.51764,470.24445
37,0,255.99892,20.37389
37,1,256.0391,30.244493
37,2,256.04904,40.346466
37,3,255.95769,51.523357
37,4,255.19557,61.539215
37,5,255.70786,70.959656
37,6,255.96822,81.020485
37,7,256.8492,91.80142
37,8,256.3958,101.66583
37,9,259.6515,111.95692
37,10,256.49396,123.3782
37,11,257.03342,135.1923
37,12,256.30948,147.41692
37,13,255.94977,154.8532
37,14,255.94026,164.41946
37,15,256.6689,171.67622
37,16,255.97475,184.57649
37,17,256.1846,190.23752
37,18,255.8573,203.74776
37,19,256.57022,218.28699
37,20,256.80142,227.03517
37,21,256.66824,236.4493
37,22,257.16983,248.98618
37,23,255.22334,257.31476
37,24,256.09958,262.25558
37,25,257.64502,279.89673
37,26,257.6653,288.89917
37,27,257.10312,302.07687
37,28,256.273,310.79282
37,29,256.10718,319.0469
37,30,256.225,326.98514
37,31,255.7918,337.20218
37,32,253.17894,351.75122
37,33,254.65082,361.16653
37,34,255.67108,369.62973
37,35,255.02602,379.30084
37,36,255.8137,388.1168
37,37,256.10922,398.4007
37,38,256.54846,409.32587
37,39,257.81857,422.17813
37,40,256.88287,429.37192
37,41,256.69254,439.37344
37,42,256.64722,449.83698
37,43,256.6436,459.68958
37,44,256.62067,470.2556
38,0,262.35245,19.602823
38,1,261.04385,30.585066
38,2,262.1428,40.020927
38,3,262.34024,53.271603
38,4,262.09427,60.031967
38,5,263.15964,71.30023
38,6,262.67703,81.70899
38,7,262.99307,92.326454
38,8,262.7407,103.46367
38,9,262.58734,112.07493
38,10,262.5655,125.30494
38,11,262.6866,134.90163
38,12,263.08804,145.23952
38,13,262.76657,153.12206
38,14,263.18463,167.05437
38,15,259.26724,173.52434
38,16,262.30753,182.42975
38,17,261.82068,196.25748
38,18,261.70197,199.50063
38,19,261.5392,225.55165
38,20,262.1341,228.03806
38,21,263.35187,235.89783
38,22,264.79507,246.53323
38,23,265.34918,257.3272
38,24,263.589,265.2991
38,25,263.78326,280.05673
38,26,263.28174,287.8
38,27,262.6031,299.10312
38,28,261.25958,311.3615
38,29,262.7371,319.6042
38,30,264.60986,332.9977
38,31,264.10718,337.1306
38,32,262.763,348.5245
38,33,261.86893,360.3111
38,34,261.798,368.7602
38,35,261.94748,378.21088
38,36,262.15204,387.83347
38,37,262.9886,398.226
38,38,263.47784,408.7728
38,39,263.76654,417.48087
38,40,263.44983,430.45416
38,41,263.15366,439.2303
38,42,263.0904,449.52545
38,43,263.1193,459.6279
38,44,263.29626,470.6397
39,0,267.6353,20.4309
39,1,267.95584,30.692476
39,2,268.03033,38.519794
39,3,268.7399,50.34033
39,4,269.43915,59.89675
39,5,269.53226,71.90837
39,6,269.1291,81.32577
39,7,269.29636,92.29598
39,8,269.2493,102.77558
39,9,268.86942,111.908295
39,10,268.71695,124.10487
39,11,268.39993,131.85709
39,12,268.61392,143.72289
39,13,269.1312,153.87733
39,14,269.1958,164.16599
39,15,270.6541,180.4429
39,16,267.0945,189.45427
39,17,267.4515,194.14587
39,18,268.29822,202.31468
39,19,268.42752,219.94368
39,20,269.93918,227.66946
39,21,271.00104,234.89835
39,22,271.19223,243.02806
39,23,271.30487,259.80637
39,24,270.03177,266.8848
39,25,272.253,280.5625
39,26,269.83032,287.7877
39,27,271.11612,296.86182
39,28,269.65262,308.88867
39,29,268.67993,318.4057
39,30,269.59607,331.94437
39,31,268.91776,337.31863
39,32,269.70798,348.1493
39,33,268.96143,359.16687
39,34,268.65872,368.59726
39,35,266.84152,372.43344
39,36,269.2641,388.17612
39,37,269.48157,394.9477
39,38,269.03757,408.56305
39,39,270.63065,423.3345
39,40,269.82953,430.6804
39,41,269.53333,439.11542
39,42,269.45822,449.34708
39,43,269.4453,459.61816
39,44,269.41275,470.981
40,0,274.5716,20.960815
40,1,271.61093,33.241932
40,2,274.46582,39.85459
40,3,274.45026,49.257294
40,4,275.77533,56.781906
40,5,277.5727,74.24006
40,6,275.80936,80.96381
40,7,275.7259,91.61735
40,8,275.6716,102.134026
40,9,275.62582,110.7975
40,10,275.52124,121.43867
40,11,275.06348,132.08183
40,12,275.05972,143.00157
40,13,275.09674,153.71461
40,14,275.9307,164.35081
40,15,275.27637,183.98132
40,16,276.98962,192.25897
40,17,276.2693,193.95644
40,18,276.3846,202.79866
40,19,275.83585,209.3488
40,20,276.9613,224.42836
40,21,275.97812,234.65572
40,22,276.89096,247.03424
40,23,278.84073,260.41812
40,24,275.9979,265.74603
40,25,276.647,278.4331
40,26,276.93866,292.63794
40,27,276.8034,296.90106
40,28,276.86636,307.33673
40,29,276.0958,317.88058
40,30,276.16525,328.9401
40,31,276.85562,339.27615
40,32,277.23953,349.96167
40,33,275.68573,358.4259
40,34,272.97302,368.5838
40,35,274.18457,376.89273
40,36,275.22076,388.201
40,37,275.3346,397.8662
40,38,275.3567,408.48355
40,39,274.80463,420.44888
40,40,275.29456,428.99918
40,41,275.48624,439.03378
40,42,275.60757,449.16742
40,43,275.70483,459.66782
40,44,275.76144,470.9184
41,0,280.10025,21.119621
41,1,281.4336,31.732351
41,2,282.45068,40.54106
41,3,281.3672,49.41265
41,4,281.50568,59.126358
41,5,281.04007,68.88006
41,6,282.04376,80.99283
41,7,282.23184,90.84192
41,8,282.08328,102.13273
41,9,279.43713,112.74209
41,10,282.06638,121.33617
41,11,281.63782,132.49776
41,12,281.49844,142.37346
41,13,281.17422,153.95079
41,14,280.56522,165.3153
41,15,277.81183,182.76598
41,16,277.1283,184.22316
41,17,282.50684,192.85416
41,18,281.8082,198.32721
41,19,282.06363,215.98958
41,20,280.88168,223.30283
41,21,280.92822,233.92114
41,22,285.5201,256.92786
41,23,284.96216,256.844
41,24,284.38132,265.35504
41,25,276.3579,277.1392
41,26,281.84967,288.30264
41,27,281.68845,299.88318
41,28,282.08188,307.1645
41,29,282.24432,317.45755
41,30,282.01053,326.15924
41,31,282.15952,338.68567
41,32,282.49475,350.85034
41,33,282.89993,358.48505
41,34,281.1476,368.59763
41,35,280.9919,377.84073
41,36,281.56705,385.6505
41,37,281.91016,398.08685
41,38,281.9256,408.43677
41,39,280.9054,418.7256
41,40,281.67276,428.64026
41,41,281.95895,438.99097
41,42,282.09802,448.85406
41,43,282.32617,459.8829
41,44,282.34802,470.85123
42,0,286.23056,20.961897
42,1,284.4451,29.358944
42,2,287.40594,40.64205
42,3,287.99402,49.312004
42,4,288.69513,59.763844
42,5,288.9535,69.25261
42,6,289.52322,80.73887
42,7,290.22656,90.261696
42,8,290.1409,102.572365
42,9,289.21033,113.406845
42,10,288.88013,122.03296
42,11,290.62985,134.7099
42,12,288.76248,142.32939
42,13,288.32474,153.94316
42,14,288.12045,165.44801
42,15,287.43518,176.4953
42,16,288.62164,184.16148
42,17,289.61136,191.54771
42,18,289.6078,197.9213
42,19,287.1035,218.65875
42,20,287.76364,224.4398
42,21,287.5436,240.43947
42,22,286.3878,247.87958
42,23,289.39606,256.12238
42,24,289.69165,263.5737
42,25,287.70093,272.43445
42,26,288.5056,287.21338
42,27,290.79712,297.29828
42,28,289.06332,306.76196
42,29,289.10413,316.98187
42,30,289.00317,327.53857
42,31,289.18408,337.01624
42,32,288.9883,348.36853
42,33,288.80673,359.4194
42,34,287.33508,368.3998
42,35,287.02988,377.9345
42,36,286.79572,383.99307
42,37,288.36993,397.9267
42,38,288.77792,408.53207
42,39,288.38962,418.56378
42,40,288.27957,428.71042
42,41,287.71674,438.9869
42,42,287.97766,448.50192
42,43,289.10638,460.82486
42,44,288.75415,470.95496
43,0,293.58658,19.690105
43,1,293.5753,30.54365
43,2,294.09824,39.766365
43,3,291.972,48.056427
43,4,295.0499,59.417316
43,5,295.58463,67.739395
43,6,295.61752,79.810234
43,7,295.05762,91.18391
43,8,295.58038,99.03466
43,9,296.07874,114.790115
43,10,295.26447,123.18168
43,11,295.23404,132.6536
43,12,294.77634,142.73521
43,13,293.44736,153.92915
43,14,294.30084,165.98283
43,15,295.00723,173.55385
43,16,298.07904,181.67287
43,17,295.4031,192.5427
43,18,295.28885,199.09596
43,19,292.90402,215.99678
43,20,296.33435,223.26085
43,21,292.29678,238.83556
43,22,293.23804,248.51744
43,23,293.82455,260.03915
43,24,296.3451,264.9295
43,25,294.79807,271.3409
43,26,295.4798,286.3347
43,27,295.43646,295.44568
43,28,295.39423,306.27957
43,29,296.00885,318.09946
43,30,295.34235,327.89966
43,31,295.04968,338.52365
43,32,293.6073,350.00235
43,33,295.1191,359.29333
43,34,295.30496,368.2278
43,35,294.15005,377.95776
43,36,293.9166,386.49878
43,37,294.8569,397.61353
43,38,294.91403,408.43936
43,39,294.56763,418.71112
43,40,294.53717,428.79984
43,41,294.4145,439.0088
43,42,294.47174,448.88028
43,43,294.83957,460.1166
43,44,295.43414,471.94632
44,0,300.90207,19.338408
44,1,301.0082,30.20171
44,2,300.6709,38.32487
44,3,300.7868,49.368217
44,4,301.10153,58.66502
44,5,301.2962,67.72797
44,6,301.44135,80.40694
44,7,301.33005,91.89112
44,8,301.04617,101.834465
44,9,301.36273,113.686935
44,10,301.5767,124.16478
44,11,301.49182,131.69225
44,12,301.6522,142.75728
44,13,301.70285,154.26363
44,14,301.32053,165.78374
44,15,303.90335,173.61479
44,16,303.21356,183.75914
44,17,303.45892,191.85321
44,18,301.49524,201.60226
44,19,301.10925,214.60896
44,20,301.1945,223.98834
44,21,300.17236,233.40303
44,22,299.79745,243.04753
44,23,299.8146,254.47612
44,24,304.44318,269.14526
44,25,302.46246,278.95474
44,26,305.17886,287.3805
44,27,303.094,296.3375
44,28,302.44684,305.69986
44,29,301.45755,319.47943
44,30,300.94846,333.69818
44,31,298.91794,339.73865
44,32,303.51746,352.0278
44,33,301.09058,358.59564
44,34,300.87723,368.264
44,35,300.75064,377.9659
44,36,300.71994,387.69815
44,37,300.80432,397.94943
44,38,300.87466,408.3996
44,39,300.90442,418.70285
44,40,300.8947,428.8817
44,41,300.85406,439.0336
44,42,300.87582,449.12573
44,43,300.9705,459.7753
44,44,301.1044,472.23175
45,0,307.33286,19.101965
45,1,307.39203,29.979479
45,2,307.8431,33.198616
45,3,307.3976,49.823772
45,4,307.57693,59.210804
45,5,307.91745,69.6742
45,6,308.27322,80.76711
45,7,307.9914,91.492584
45,8,307.7043,102.22907
45,9,307.1564,113.89717
45,10,310.83914,122.87788
45,11,304.7972,132.50024
45,12,306.37366,143.85403
45,13,306.71484,155.30133
45,14,307.95673,165.04678
45,15,309.00558,173.53531
45,16,309.70844,175.26163
45,17,310.2413,189.82086
45,18,308.2262,204.2294
45,19,308.6463,210.76527
45,20,309.687,225.63165
45,21,306.6361,234.8485
45,22,306.66547,243.60558
45,23,307.9587,247.76833
45,24,306.58054,268.55493
45,25,305.35184,271.67328
45,26,308.13828,287.6379
45,27,308.0726,294.5796
45,28,308.30777,306.2551
45,29,307.60733,318.93784
45,30,307.59503,329.4768
45,31,307.74805,337.17856
45,32,307.46317,347.8637
45,33,306.9125,359.04492
45,34,307.52515,368.66687
45,35,307.46237,377.97598
45,36,307.3573,388.0051
45,37,307.3714,398.00662
45,38,307.40445,408.37958
45,39,307.42944,418.6926
45,40,307.44275,428.9127
45,41,307.44385,439.0558
45,42,307.43005,449.24405
45,43,307.3823,459.7004
45,44,307.15912,470.64246
46,0,314.0909,18.528671
46,1,313.7323,29.744957
46,2,313.73828,38.611694
46,3,313.7947,50.05704
46,4,313.89203,59.736374
46,5,314.39426,70.08291
46,6,314.2656,80.84755
46,7,314.0974,91.33884
46,8,313.7755,102.364174
46,9,312.87213,113.355804
46,10,312.47903,123.10917
46,11,312.44528,132.25877
46,12,313.81396,146.41624
46,13,312.51465,158.56963
46,14,313.6305,164.31462
46,15,314.82928,173.78899
46,16,314.73633,182.8702
46,17,314.71072,192.69424
46,18,313.4518,206.47307
46,19,313.67715,215.44017
46,20,316.1707,227.5565
46,21,313.0496,235.28647
46,22,312.49075,243.9221
46,23,313.0658,253.47618
46,24,317.0379,267.74725
46,25,315.63278,275.9045
46,26,314.02173,285.12164
46,27,310.16727,296.12256
46,28,314.1763,306.48898
46,29,314.99225,319.11926
46,30,314.00266,327.6714
46,31,313.84128,337.19104
46,32,313.77316,347.79642
46,33,312.7693,363.13248
46,34,313.85492,370.42114
46,35,313.6843,377.99582
46,36,313.21143,386.172
46,37,313.36496,397.92453
46,38,313.643,408.2683
46,39,313.72546,418.6823
46,40,313.76358,428.93295
46,41,313.7836,439.07358
46,42,313.79294,449.31735
46,43,313.79483,459.70712
46,44,313.79236,470.28983
47,0,320.56686,17.987892
47,1,320.57278,29.385963
47,2,317.79968,39.22336
47,3,320.50314,50.251404
47,4,321.2555,61.03892
47,5,321.38504,70.27573
47,6,321.0314,80.97196
47,7,320.84406,91.88313
47,8,320.66565,102.42218
47,9,320.3483,112.75075
47,10,319.14093,122.84881
47,11,319.45007,136.54927
47,12,319.22382,143.94426
47,13,316.3888,153.45901
47,14,320.1313,163.42514
47,15,320.37097,173.49004
47,16,319.99667,184.56432
47,17,319.97726,193.70436
47,18,320.00122,207.62997
47,19,319.80356,215.14716
47,20,318.6276,226.5695
47,21,319.77725,235.88422
47,22,320.0184,245.61053
47,23,319.85077,254.3898
47,24,319.91473,269.4413
47,25,320.09244,275.21396
47,26,317.51193,284.32773
47,27,320.36508,296.00208
47,28,320.67426,306.62683
47,29,320.30038,320.60425
47,30,320.11148,327.43744
47,31,320.21454,337.1578
47,32,320.3651,347.69766
47,33,320.5163,358.51083
47,34,323.1895,368.2679
47,35,320.1237,378.0307
47,36,319.5951,387.67505
47,37,319.84296,397.84747
47,38,320.05695,408.2946
47,39,320.14734,418.6724
47,40,320.19205,428.94925
47,41,320.2174,439.0864
47,42,320.2337,449.37436
47,43,320.2465,459.7625
47,44,320.2603,470.15103
48,0,326.96478,17.273628
48,1,327.2867,28.208014
48,2,326.46082,38.886013
48,3,326.9732,50.304825
48,4,327.49075,60.80954
48,5,328.06113,69.89895
48,6,327.92838,81.00891
48,7,327.90527,92.02104
48,8,327.76462,102.56806
48,9,328.68835,107.72029
48,10,327.45908,122.574715
48,11,326.54855,133.91226
48,12,326.68814,142.94893
48,13,326.85388,153.81226
48,14,328.6982,162.87228
48,15,328.61594,172.90747
48,16,327.0856,183.83965
48,17,326.78836,193.5812
48,18,327.2999,205.89331
48,19,327.6834,214.52348
48,20,326.15155,226.3075
48,21,325.97324,235.90936
48,22,325.77963,244.82661
48,23,326.27573,254.50157
48,24,326.40472,265.66818
48,25,326.42438,275.2507
48,26,326.35867,283.67337
48,27,326.6192,295.90567
48,28,326.52826,306.67264
48,29,326.69897,318.39297
48,30,327.00128,327.49686
48,31,326.7209,337.14453
48,32,326.7485,347.60223
48,33,326.958,358.17596
48,34,326.6583,367.8859
48,35,326.48416,378.0903
48,36,326.3384,387.95023
48,37,326.37848,397.73975
48,38,326.47675,408.26254
48,39,326.53864,418.66315
48,40,326.57516,428.96478
48,41,326.5972,439.0926
48,42,326.61182,449.42905
48,43,326.62363,459.87283
48,44,326.63763,469.88144
49,0,332.61215,16.74359
49,1,332.75143,28.504635
49,2,333.16336,39.52379
49,3,333.4638,50.25982
49,4,334.69574,60.49654
49,5,337.78156,68.85558
49,6,335.0268,80.93582
49,7,335.37827,91.58402
49,8,333.6446,103.04058
49,9,333.94635,112.01898
49,10,333.5144,122.825134
49,11,331.7247,131.91965
49,12,330.78036,142.68112
49,13,332.82767,152.95544
49,14,332.50458,163.00136
49,15,332.74326,172.91245
49,16,331.64148,183.98706
49,17,332.36313,190.87907
49,18,332.90714,205.50044
49,19,333.81097,211.82617
49,20,332.44882,230.12143
49,21,332.68365,236.28223
49,22,332.97867,245.12343
49,23,333.03525,254.72885
49,24,332.98236,265.18033
49,25,332.84866,275.26987
49,26,332.5205,284.6075
49,27,332.92734,295.89032
49,28,332.97217,306.6374
49,29,332.97787,317.20172
49,30,332.94122,327.5506
49,31,332.39832,337.14288
49,32,333.1968,347.59024
49,33,333.35562,358.0611
49,34,333.53217,367.3529
49,35,333.15,378.19852
49,36,332.99368,388.12967
49,37,332.95828,397.45422
49,38,332.98044,408.22562
49,39,333.0163,418.65393
49,40,333.02185,428.98193
49,41,333.03262,439.089
49,42,333.03955,449.4455
49,43,333.04514,459.95898
49,44,333.0548,470.12628
50,0,339.5706,17.57869
50,1,339.6182,30.064703
50,2,340.00745,41.666893
50,3,339.97318,50.191303
50,4,340.4677,60.313526
50,5,340.3639,71.46976
50,6,340.91663,80.945885
50,7,344.36176,91.1002
50,8,340.54425,106.026
50,9,342.4302,114.86501
50,10,338.6197,123.26746
50,11,339.16455,134.13312
50,12,339.0418,134.92305
50,13,339.73538,152.41356
50,14,339.59186,163.02853
50,15,341.34384,173.14531
50,16,338.99652,184.69511
50,17,337.97516,192.59627
50,18,337.79013,204.88345
50,19,338.72,213.44252
50,20,337.93552,226.8679
50,21,337.3661,239.28116
50,22,339.5712,245.06766
50,23,339.52466,254.76195
50,24,339.49667,265.167
50,25,339.4822,275.38974
50,26,339.76154,285.64294
50,27,340.018,296.0298
50,28,339.44467,306.57187
50,29,339.44174,316.45178
50,30,339.75485,327.4061
50,31,342.75912,337.1381
50,32,340.09933,347.67493
50,33,340.22977,358.05884
50,34,339.95374,365.1511
50,35,339.6242,378.8044
50,36,339.4898,390.34995
50,37,339.433,396.49
50,38,339.41647,408.18665
50,39,339.41434,418.64407
50,40,339.4098,429.0037
50,41,339.39615,439.07358
50,42,339.35867,449.4416
50,43,339.24185,459.892
50,44,338.93204,469.8409
51,0,346.55408,20.43955
51,1,344.67056,30.804464
51,2,345.80185,40.104847
51,3,346.19797,50.17196
51,4,346.635,60.067028
51,5,346.93463,70.69842
51,6,348.40875,82.34335
51,7,345.66977,95.82398
51,8,346.60983,107.08743
51,9,345.27664,114.390045
51,10,345.52744,124.79469
51,11,345.76193,131.03716
51,12,345.6507,142.49733
51,13,351.4514,154.89891
51,14,347.3901,163.91113
51,15,346.1854,172.92258
51,16,344.92447,186.26239
51,17,344.58395,194.821
51,18,344.9816,204.7515
51,19,344.8942,215.16917
51,20,344.89572,224.8782
51,21,344.86914,235.46504
51,22,345.86508,245.11179
51,23,346.0215,254.85448
51,24,345.9571,265.20184
51,25,346.04187,275.7471
51,26,346.33194,285.40057
51,27,345.75266,296.3372
51,28,344.6799,306.51523
51,29,345.46292,316.3967
51,30,345.8888,327.2243
51,31,346.02002,337.1285
51,32,346.3278,347.81738
51,33,346.8862,358.1378
51,34,346.28967,368.2573
51,35,345.72366,379.16254
51,36,344.57724,392.18695
51,37,345.32224,397.17123
51,38,345.33762,408.15506
51,39,345.6218,418.6325
51,40,345.70245,429.0335
51,41,345.6831,439.0464
51,42,345.6702,449.41528
51,43,345.6057,459.77176
51,44,345.46582,469.81763
52,0,352.4193,22.463593
52,1,352.41315,30.752296
52,2,351.54007,39.952003
52,3,352.69745,50.230473
52,4,353.02112,59.005363
52,5,353.42697,70.472725
52,6,352.59882,81.43333
52,7,353.48685,89.89192
52,8,351.85703,102.6158
52,9,352.52505,113.84335
52,10,352.3192,124.5185
52,11,351.92285,134.56313
52,12,350.77792,143.62183
52,13,352.35712,152.92899
52,14,350.49246,165.2325
52,15,349.7866,175.63135
52,16,351.02496,187.27672
52,17,351.77798,195.1399
52,18,351.82364,204.8435
52,19,351.94186,215.36258
52,20,352.52133,225.23708
52,21,352.79324,235.2862
52,22,354.46216,246.88402
52,23,353.30334,254.88608
52,24,352.7566,265.24716
52,25,352.97897,276.31982
52,26,352.85706,285.134
52,27,352.26764,298.37506
52,28,352.15414,306.45773
52,29,352.35962,316.6188
52,30,352.8361,327.23785
52,31,352.69113,337.07776
52,32,352.76874,347.75146
52,33,352.7152,358.20352
52,34,352.43582,371.22855
52,35,352.08032,378.81003
52,36,350.50043,383.47183
52,37,351.75928,397.51968
52,38,351.93256,408.13718
52,39,352.05942,418.615
52,40,352.1277,429.08035
52,41,352.15408,439.0067
52,42,352.15726,449.381
52,43,352.15494,459.66864
52,44,352.26465,469.9105
53,0,358.3733,18.781672
53,1,358.83054,30.36154
53,2,358.8541,39.953247
53,3,359.01303,50.299164
53,4,357.168,55.627377
53,5,361.65182,70.719025
53,6,355.17477,80.98149
53,7,358.8201,89.48256
53,8,359.19632,102.57891
53,9,359.32736,117.043465
53,10,358.6381,125.414116
53,11,357.87488,133.74356
53,12,359.72653,142.11685
53,13,358.6355,151.1894
53,14,356.57217,163.74438
53,15,357.7662,173.3459
53,16,357.96597,184.58571
53,17,358.04272,195.09773
53,18,357.8828,205.00862
53,19,357.5745,215.50298
53,20,358.02856,227.26834
53,21,359.38287,234.89383
53,22,360.3081,248.37454
53,23,358.74527,255.11215
53,24,358.51453,265.20773
53,25,358.34814,277.1286
53,26,357.22882,281.9275
53,27,357.93155,297.12988
53,28,358.34558,306.39407
53,29,358.60263,316.6947
53,30,360.2789,329.69153
53,31,359.15613,336.98245
53,32,359.56094,347.54858
53,33,359.37833,358.26666
53,34,359.19183,368.65735
53,35,358.71707,378.3047
53,36,358.30585,387.71692
53,37,358.31152,397.68997
53,38,358.40198,408.13956
53,39,358.46527,418.57904
53,40,358.51306,429.1584
53,41,358.5455,438.95386
53,42,358.57855,449.3492
53,43,358.64682,459.60355
53,44,358.71588,471.07782
54,0,365.40152,18.567621
54,1,365.10425,30.45318
54,2,365.6369,40.131805
54,3,365.3629,50.160442
54,4,364.56836,58.423477
54,5,366.36398,69.01276
54,6,365.75723,79.788635
54,7,365.56406,88.34203
54,8,364.9268,103.52503
54,9,364.62213,113.483185
54,10,363.7757,127.05102
54,11,367.39258,133.08281
54,12,364.97852,141.36728
54,13,364.8905,152.68898
54,14,364.058,163.83463
54,15,363.839,172.97679
54,16,364.3584,184.36656
54,17,364.37878,195.09105
54,18,364.06085,205.32932
54,19,363.73456,215.36975
54,20,364.28552,226.42996
54,21,363.81143,235.40411
54,22,364.6689,247.99518
54,23,367.57138,258.34018
54,24,364.83868,265.0728
54,25,364.37335,275.20898
54,26,364.32318,285.042
54,27,365.50162,296.3358
54,28,365.0098,306.29462
54,29,365.0973,316.43784
54,30,365.34326,327.0833
54,31,365.5813,336.8428
54,32,365.97656,347.41287
54,33,366.2352,358.47247
54,34,366.58493,369.87183
54,35,365.42548,378.22888
54,36,365.0217,387.99225
54,37,364.9202,397.9338
54,38,364.9161,408.15097
54,39,364.93478,418.44208
54,40,364.95715,429.30106
54,41,364.97604,438.8773
54,42,364.99744,449.32156
54,43,365.05765,459.55826
54,44,365.76492,466.1043
55,0,371.8811,19.122133
55,1,371.90643,31.827463
55,2,372.97226,40.126823
55,3,372.76785,49.053806
55,4,372.56668,58.968224
55,5,372.06003,66.079765
55,6,371.7703,79.6802
55,7,372.09018,90.87576
55,8,372.07858,102.36803
55,9,371.24902,112.9798
55,10,370.4428,124.8028
55,11,370.70566,133.13463
55,12,371.0835,141.68439
55,13,372.32077,154.17943
55,14,371.08725,164.15248
55,15,370.75018,173.6862
55,16,370.7966,184.85143
55,17,370.58084,194.89722
55,18,369.81415,205.0931
55,19,370.35263,215.045
55,20,370.67514,226.00742
55,21,371.3407,235.24765
55,22,370.8703,246.0953
55,23,373.5876,253.2735
55,24,374.4361,267.3449
55,25,371.16595,274.90814
55,26,370.8456,285.71683
55,27,370.67526,296.33963
55,28,370.76392,306.04074
55,29,371.26923,316.07846
55,30,371.6655,326.66022
55,31,372.26532,336.67398
55,32,371.6641,347.2809
55,33,371.5908,358.4112
55,34,371.55432,369.11237
55,35,371.5434,378.2144
55,36,371.52145,388.09296
55,37,371.49704,398.11246
55,38,371.42645,408.15756
55,39,370.25058,416.794
55,40,371.4109,429.49237
55,41,371.449,438.74158
55,42,371.46426,449.29816
55,43,371.47733,459.5245
55,44,371.48248,466.18237
56,0,377.38403,19.442167
56,1,379.64944,29.557222
56,2,378.42587,39.895527
56,3,380.0899,40.914707
56,4,378.8104,58.47171
56,5,378.82635,67.01522
56,6,378.52505,79.970505
56,7,378.29254,91.21982
56,8,378.45154,102.65648
56,9,377.66666,114.623665
56,10,377.48804,124.299194
56,11,377.54218,133.22813
56,12,377.58414,142.4364
56,13,378.1703,153.56609
56,14,377.2284,164.1346
56,15,377.01492,173.98743
56,16,377.38522,186.86789
56,17,377.94128,192.87273
56,18,379.46768,205.5394
56,19,377.5142,213.75319
56,20,377.3951,224.7218
56,21,377.55386,235.31827
56,22,377.44574,245.07927
56,23,377.5312,254.88411
56,24,378.3827,268.94684
56,25,379.32938,277.22055
56,26,377.5283,285.9315
56,27,376.93738,297.67117
56,28,376.0467,305.18375
56,29,377.43918,315.47556
56,30,377.11603,326.4844
56,31,377.56674,336.1726
56,32,377.95953,347.26596
56,33,378.07974,358.0877
56,34,378.0805,368.23758
56,35,378.06827,378.24585
56,36,378.06577,388.22464
56,37,378.05872,398.27173
56,38,377.9974,408.1515
56,39,377.8868,418.73337
56,40,376.92432,429.43396
56,41,377.2855,438.43906
56,42,377.70715,449.2787
56,43,377.89938,459.49774
56,44,377.95627,469.34784
57,0,384.48444,19.640549
57,1,388.07822,27.461243
57,2,384.97205,40.070522
57,3,385.1961,49.156593
57,4,385.50467,59.236557
57,5,384.70605,68.719025
57,6,383.39767,86.8843
57,7,384.53262,90.547966
57,8,383.94128,102.42452
57,9,383.587,114.27119
57,10,384.0958,123.99105
57,11,384.66135,136.34691
57,12,384.13712,142.74358
57,13,384.20496,153.47256
57,14,384.18475,163.94897
57,15,384.0526,174.00304
57,16,383.92432,184.4842
57,17,383.8615,193.47131
57,18,383.86514,204.9147
57,19,384.20328,213.59009
57,20,380.802,223.55685
57,21,383.64886,236.16846
57,22,384.051,243.71425
57,23,384.18936,254.99606
57,24,384.14426,264.908
57,25,384.0772,272.4826
57,26,383.96957,285.9174
57,27,383.90253,297.02203
57,28,383.65933,306.63818
57,29,383.4786,314.7186
57,30,383.71667,326.3615
57,31,383.96017,336.22693
57,32,384.49814,347.11176
57,33,384.6577,357.93997
57,34,384.5763,368.01236
57,35,384.5439,378.32233
57,36,384.551,388.26172
57,37,384.5881,398.53906
57,38,384.42914,408.12448
57,39,384.2266,419.13013
57,40,383.81226,429.25745
57,41,382.78857,437.60968
57,42,384.0366,449.2619
57,43,384.23947,459.47528
57,44,384.34283,469.33322
58,0,389.63696,19.755342
58,1,391.21503,29.21831
58,2,391.05017,40.33496
58,3,391.0853,50.33634
58,4,391.26898,59.180244
58,5,391.35873,69.705536
58,6,392.7161,78.81277
58,7,390.01758,86.87066
58,8,390.28958,102.06221
58,9,390.121,112.95102
58,10,390.1426,123.51232
58,11,390.28076,134.27837
58,12,390.42047,142.64377
58,13,390.82077,153.78897
58,14,390.77307,163.77698
58,15,390.41077,173.84624
58,16,390.10565,184.0194
58,17,390.53372,193.91847
58,18,393.66058,205.04475
58,19,390.71,213.00102
58,20,390.54742,223.40318
58,21,393.5413,236.68872
58,22,390.53433,239.89667
58,23,391.9547,248.72424
58,24,390.21866,264.09534
58,25,389.66757,272.91644
58,26,389.91,285.84967
58,27,386.79388,296.42267
58,28,389.2683,306.34824
58,29,389.75583,315.26862
58,30,390.1155,326.36185
58,31,390.36066,336.68796
58,32,390.76105,347.0085
58,33,390.9531,358.00204
58,34,390.93872,367.9094
58,35,390.97018,378.47644
58,36,391.01633,388.38397
58,37,391.63718,399.70233
58,38,390.87668,408.05975
58,39,390.5258,418.93527
58,40,390.23212,429.18634
58,41,389.89594,438.4713
58,42,390.44824,449.2483
58,43,390.71985,459.45596
58,44,390.8647,469.0967
59,0,397.395,19.896717
59,1,398.8198,29.865805
59,2,397.27917,40.401093
59,3,396.0335,50.73806
59,4,397.8959,60.554516
59,5,397.16144,70.08227
59,6,397.66837,79.46875
59,7,396.54535,90.12431
59,8,396.70212,101.84494
59,9,396.71628,112.511795
59,10,396.75183,122.91849
59,11,396.8656,133.13484
59,12,396.95438,142.75333
59,13,397.22412,153.6517
59,14,397.44562,163.68848
59,15,397.18268,173.70691
59,16,396.8942,183.85803
59,17,396.9058,193.8673
59,18,397.5108,205.20346
59,19,395.58063,213.6663
59,20,396.85165,223.65454
59,21,396.8143,235.33766
59,22,394.19293,240.39389
59,23,397.67712,254.45514
59,24,397.55142,263.64374
59,25,397.00165,274.73676
59,26,396.6256,285.7339
59,27,396.12457,296.0144
59,28,394.3215,306.28986
59,29,396.35968,315.6224
59,30,396.6976,326.4476
59,31,396.90152,336.86914
59,32,396.9613,346.5982
59,33,397.8154,358.4564
59,34,397.90677,367.8189
59,35,397.92484,379.32074
59,36,397.82242,388.39047
59,37,398.17273,399.27075
59,38,397.71,407.9008
59,39,397.73917,418.63376
59,40,397.1253,429.2226
59,41,396.93265,438.9026
59,42,396.69635,449.2379
59,43,397.2117,459.43912
59,44,397.77115,467.8949
60,0,402.84473,20.087446
60,1,403.04953,29.956923
60,2,403.5194,40.159492
60,3,403.64,50.595062
60,4,405.0916,60.69409
60,5,404.2383,71.84791
60,6,403.35406,79.195335
60,7,403.18222,90.75199
60,8,403.14194,101.769066
60,9,403.1381,112.38961
60,10,403.16147,122.71372
60,11,403.21707,132.79387
60,12,403.313,142.8977
60,13,403.57843,153.21257
60,14,403.98407,163.66151
60,15,404.1678,173.13713
60,16,403.4412,183.994
60,17,403.24374,193.80971
60,18,403.18842,204.72894
60,19,403.21692,213.99152
60,20,404.43857,223.92326
60,21,403.82516,234.45654
60,22,403.80923,244.29004
60,23,403.48477,254.78403
60,24,403.3203,262.59573
60,25,403.12863,274.9433
60,26,402.9144,285.6397
60,27,402.69882,295.95096
60,28,402.62793,306.26755
60,29,402.86282,315.95605
60,30,403.00995,326.55786
60,31,403.1263,336.9165
60,32,401.71402,346.0435
60,33,403.96155,359.7074
60,34,404.25885,367.5297
60,35,407.3353,380.84933
60,36,404.06604,388.29
60,37,404.5732,396.00928
60,38,403.66647,407.76404
60,39,403.42975,418.4098
60,40,403.48856,429.37573
60,41,403.2049,439.11572
60,42,403.2364,449.23105
60,43,403.2525,459.425
60,44,403.21832,468.68643
61,0,410.2937,20.418278
61,1,410.24597,29.874897
61,2,410.19235,39.68315
61,3,410.07,50.202484
61,4,409.9091,59.978928
61,5,409.7373,71.31851
61,6,410.2001,80.441795
61,7,409.76782,91.012886
61,8,409.6251,101.737335
61,9,409.5699,112.27734
61,10,409.52872,122.60742
61,11,409.457,132.78307
61,12,409.10397,142.53944
61,13,409.08508,152.92491
61,14,409.63785,163.68805
61,15,409.19623,173.44147
61,16,408.916,184.10991
61,17,409.07684,193.94023
61,18,409.70746,204.4092
61,19,410.1322,214.14166
61,20,411.4841,224.02115
61,21,410.63275,234.24815
61,22,411.89258,242.7173
61,23,409.81552,254.89278
61,24,409.51913,263.9016
61,25,409.6782,275.12585
61,26,409.6661,285.60254
61,27,409.65332,295.93512
61,28,409.68546,306.2761
61,29,409.7396,316.16455
61,30,409.8294,326.74368
61,31,409.77994,337.18558
61,32,408.4944,341.91748
61,33,409.7557,358.01343
61,34,410.001,367.2622
61,35,410.55817,382.02206
61,36,410.08325,388.36026
61,37,409.67847,397.4328
61,38,408.66306,407.84488
61,39,409.48303,417.87823
61,40,409.59937,429.37314
61,41,409.6255,440.302
61,42,409.63287,449.2275
61,43,409.62964,459.4268
61,44,409.613,469.25513
62,0,415.5172,21.274752
62,1,416.50595,29.678217
62,2,417.2313,38.406807
62,3,416.8233,49.911167
62,4,416.7783,60.149162
62,5,416.32138,70.618126
62,6,416.15112,81.1203
62,7,416.12122,91.13111
62,8,416.08514,101.72335
62,9,416.03656,112.17913
62,10,415.9573,122.541084
62,11,415.7659,132.7843
62,12,414.5939,138.30353
62,13,416.08954,152.76303
62,14,416.18005,163.93259
62,15,415.90173,173.53326
62,16,415.72897,183.80707
62,17,415.8052,193.86978
62,18,416.29074,204.22548
62,19,416.22717,214.14517
62,20,416.25775,224.05298
62,21,416.41635,234.20776
62,22,416.6114,244.16176
62,23,416.25665,254.99731
62,24,416.09692,264.60492
62,25,416.09338,275.7737
62,26,416.0915,285.61008
62,27,416.0937,295.93967
62,28,416.12457,306.2913
62,29,416.20126,316.32803
62,30,416.40884,326.9931
62,31,416.80005,337.52744
62,32,416.49225,346.9493
62,33,416.3473,357.64383
62,34,416.22742,367.64587
62,35,415.82132,380.70828
62,36,416.05576,388.36255
62,37,416.05627,398.2189
62,38,415.9479,407.3968
62,39,416.01755,417.18762
62,40,416.08322,429.13327
62,41,416.08786,439.1259
62,42,416.08212,449.22742
62,43,416.07062,459.39737
62,44,416.0538,469.42606
63,0,419.68155,22.463312
63,1,421.72385,29.300716
63,2,425.08563,33.925835
63,3,422.82825,50.195095
63,4,422.5183,60.189762
63,5,422.40433,70.45259
63,6,422.37793,80.90514
63,7,422.3847,91.1949
63,8,422.382,101.719086
63,9,422.36206,112.182884
63,10,422.33463,122.48593
63,11,422.23373,132.78581
63,12,422.14404,143.82135
63,13,422.75482,152.79063
63,14,422.58435,167.32104
63,15,422.43088,173.46443
63,16,422.3028,183.6087
63,17,422.3192,193.82285
63,18,422.32074,204.09056
63,19,422.50946,214.10846
63,20,422.7478,224.04726
63,21,423.13815,234.26625
63,22,423.37762,244.63237
63,23,422.8437,255.1062
63,24,422.72452,264.90088
63,25,422.4986,280.2156
63,26,422.48492,285.63828
63,27,422.469,295.95148
63,28,422.4698,306.304
63,29,422.48587,316.42487
63,30,422.51245,327.1576
63,31,422.5378,337.52014
63,32,422.63617,347.3037
63,33,423.11414,358.30087
63,34,422.86215,367.87674
63,35,422.6499,378.41702
63,36,422.6136,388.4218
63,37,422.57327,398.37503
63,38,422.38495,407.76074
63,39,420.93668,412.2712
63,40,422.35864,429.0079
63,41,422.4667,439.00748
63,42,422.4823,449.2312
63,43,422.4772,459.42142
63,44,422.46527,469.48743
64,0,427.2154,22.138596
64,1,429.85822,24.605482
64,2,429.46396,33.177723
64,3,427.76144,51.797432
64,4,428.69818,60.195972
64,5,428.80927,70.4812
64,6,428.81873,80.8462
64,7,428.82297,91.24455
64,8,428.77133,101.72363
64,9,428.7221,112.17536
64,10,428.6373,122.4252
64,11,428.4559,132.63348
64,12,428.04123,143.37314
64,13,428.3627,152.8156
64,14,428.81454,164.42188
64,15,428.87692,173.39316
64,16,428.86115,183.50061
64,17,428.88672,193.79205
64,18,428.93353,204.07036
64,19,428.99,214.04477
64,20,429.06766,224.01822
64,21,429.23727,234.30717
64,22,429.85046,244.22166
64,23,429.54013,255.21234
64,24,428.8307,265.06888
64,25,428.43347,276.20874
64,26,428.68555,285.67343
64,27,428.8211,295.9667
64,28,428.8881,306.31146
64,29,428.90958,316.46872
64,30,428.9575,327.02484
64,31,428.9888,336.97714
64,32,428.8599,347.45108
64,33,428.94318,360.02658
64,34,429.26877,368.21674
64,35,428.00436,378.1912
64,36,428.54993,388.55817
64,37,428.376,398.69046
64,38,428.73468,407.98868
64,39,428.6528,417.56372
64,40,428.7772,428.9983
64,41,428.8989,438.9687
64,42,428.90427,449.2399
64,43,428.89767,459.3934
64,44,428.88748,469.5337
65,0,437.08557,18.011574
65,1,436.1122,25.412937
65,2,437.4172,37.329453
65,3,435.00317,49.993183
65,4,435.11057,60.214596
65,5,435.2479,70.59598
65,6,435.24265,80.87052
65,7,435.22546,91.28174
65,8,435.19794,101.7368
65,9,435.15686,112.15398
65,10,435.09625,122.35347
65,11,435.0051,132.56483
65,12,434.913,142.51518
65,13,435.04553,152.80482
65,14,435.46762,163.86617
65,15,435.56525,173.32808
65,16,435.34286,183.42587
65,17,435.33582,193.77953
65,18,435.36972,203.78487
65,19,435.42838,213.95355
65,20,435.50278,223.96513
65,21,435.68567,234.31142
65,22,435.9831,240.52142
65,23,435.59033,255.347
65,24,435.43362,265.21002
65,25,435.2751,275.757
65,26,435.27353,285.70773
65,27,435.30377,295.98273
65,28,435.32837,306.31476
65,29,435.36868,316.48257
65,30,435.48166,326.89905
65,31,435.74588,336.2492
65,32,435.523,347.4417
65,33,435.89648,358.33258
65,34,436.195,369.4941
65,35,435.6964,378.25375
65,36,435.40616,388.86035
65,37,435.76904,401.6034
65,38,435.6094,408.42523
65,39,435.598,418.2666
65,40,435.44003,429.08173
65,41,435.3996,438.95804
65,42,435.3837,449.25854
65,43,435.3665,459.37268
65,44,435.3486,469.5634
66,0,441.03632,17.991632
66,1,443.49188,25.960106
66,2,441.86157,34.535107
66,3,441.66122,49.851646
66,4,441.64722,60.248238
66,5,441.69528,70.62464
66,6,441.6677,80.92426
66,7,441.60385,91.30227
66,8,441.56973,101.75739
66,9,441.51852,112.15424
66,10,441.43265,122.27159
66,11,441.2246,132.45567
66,12,440.89648,141.70703
66,13,441.40042,152.73422
66,14,441.71216,163.53886
66,15,441.97028,173.31496
66,16,441.78262,183.36894
66,17,441.74905,193.79938
66,18,441.77222,204.97142
66,19,441.8109,213.7799
66,20,441.87708,223.88246
66,21,442.0845,234.29378
66,22,442.7065,243.13431
66,23,442.06015,255.73499
66,24,441.9568,265.3849
66,25,441.76746,275.6473
66,26,441.68103,285.74152
66,27,441.64996,296.00122
66,28,441.6287,306.3171
66,29,441.60825,316.49042
66,30,441.58423,326.84222
66,31,441.55182,337.17645
66,32,441.4905,347.39896
66,33,441.2654,358.1403
66,34,441.50784,369.70975
66,35,443.60715,381.73926
66,36,441.86237,388.71896
66,37,441.7722,400.6347
66,38,441.88867,408.6264
66,39,443.8856,418.56747
66,40,441.87772,429.23682
66,41,441.8014,438.985
66,42,441.77682,449.30295
66,43,441.7573,459.36832
66,44,441.73938,469.58316
67,0,448.00864,17.518225
67,1,447.95657,28.481861
67,2,448.08102,39.349316
67,3,448.08615,49.955235
67,4,448.07465,60.292957
67,5,448.06152,70.66073
67,6,448.04504,80.990204
67,7,448.02356,91.28777
67,8,447.99286,101.77057
67,9,447.94455,112.37398
67,10,447.8447,122.19055
67,11,447.58517,132.35532
67,12,447.42166,141.74785
67,13,447.8223,152.66881
67,14,447.99185,162.50633
67,15,448.15836,173.40796
67,16,448.0802,183.30928
67,17,447.9697,193.92532
67,18,446.21445,209.01407
67,19,447.98358,213.61658
67,20,448.1676,223.83868
67,21,448.22342,234.26352
67,22,448.3809,244.32738
67,23,448.74738,256.10315
67,24,448.70755,265.7652
67,25,448.30923,275.60538
67,26,448.1658,285.77548
67,27,448.09647,295.98752
67,28,448.05658,306.3224
67,29,448.0269,316.5034
67,30,447.9987,326.81796
67,31,447.96487,337.14532
67,32,447.90533,347.38336
67,33,447.804,357.99054
67,34,447.66397,368.6831
67,35,447.34644,377.31674
67,36,448.16245,388.82593
67,37,448.27628,399.7624
67,38,448.24738,408.58527
67,39,448.32294,418.72665
67,40,448.54785,429.41263
67,41,449.7211,439.4017
67,42,448.4513,449.4465
67,43,448.29898,459.3773
67,44,448.23196,469.59512
68,0,454.46155,18.748919
68,1,454.6266,28.947441
68,2,454.63162,39.72476
68,3,454.54004,50.05169
68,4,454.5024,60.336185
68,5,454.4812,70.67585
68,6,454.46225,81.06772
68,7,454.44205,91.17476
68,8,454.41785,101.69466
68,9,454.38553,113.32945
68,10,454.35614,122.039085
68,11,454.31058,132.252
68,12,454.23932,142.23473
68,13,454.07346,152.62566
68,14,454.02917,162.66971
68,15,454.33163,173.66046
68,16,454.54178,183.31264
68,17,454.33203,194.09676
68,18,454.23358,204.5559
68,19,454.43103,212.9194
68,20,454.58047,223.66689
68,21,454.67877,234.2277
68,22,454.79782,244.69919
68,23,455.0878,256.26105
68,24,457.14465,267.28067
68,25,454.96973,275.41614
68,26,454.65088,285.8125
68,27,454.535,296.05713
68,28,454.47446,306.33282
68,29,454.43375,316.52527
68,30,454.39917,326.81366
68,31,454.3591,337.13367
68,32,454.29514,347.38596
68,33,454.14413,357.91772
68,34,453.0439,368.4214
68,35,454.2083,378.03497
68,36,454.97235,388.6901
68,37,454.997,398.07047
68,38,454.7707,408.3611
68,39,454.725,418.85315
68,40,454.2085,429.34482
68,41,454.5707,438.9052
68,42,455.1311,450.012
68,43,454.95728,459.41714
68,44,454.72604,469.59863
69,0,460.70175,19.195402
69,1,462.92227,24.861507
69,2,461.7317,39.91694
69,3,461.01306,50.17292
69,4,460.9113,60.350822
69,5,460.86127,70.65375
69,6,460.8144,81.16429
69,7,460.75836,90.524765
69,8,460.64664,101.25012
69,9,460.3326,112.07426
69,10,460.4726,121.72179
69,11,460.63852,132.16074
69,12,460.6867,142.43254
69,13,460.7073,152.57964
69,14,460.71588,162.86292
69,15,460.7059,173.61154
69,16,460.65057,183.29968
69,17,460.4284,193.40782
69,18,460.19174,203.85194
69,19,460.0317,211.82368
69,20,460.84488,223.49158
69,21,461.0205,234.20184
69,22,461.1673,244.94775
69,23,461.46155,256.02234
69,24,462.06393,265.7205
69,25,461.18726,275.37485
69,26,461.0515,285.85538
69,27,461.01917,296.1385
69,28,460.9953,306.35162
69,29,460.95322,316.56024
69,30,460.9178,326.82272
69,31,460.89746,337.1352
69,32,460.8853,347.4042
69,33,460.8705,357.89972
69,34,460.854,368.34686
69,35,460.94513,378.7469
69,36,460.17352,388.44205
69,37,460.4209,397.7269
69,38,461.0771,407.5031
69,39,461.31854,419.153
69,40,461.1926,428.9616
69,41,461.21878,438.72794
69,42,461.18805,450.34048
69,43,461.13174,459.50983
69,44,460.67645,469.59634
70,0,467.25146,19.567245
70,1,467.26138,28.670536
70,2,467.28094,40.015118
70,3,467.31293,50.266808
70,4,467.38766,60.198814
70,5,467.82327,70.45956
70,6,467.6207,81.506195
70,7,467.1618,90.8884
70,8,466.67535,100.87933
70,9,466.319,111.16363
70,10,466.7846,119.999794
70,11,466.95923,132.04883
70,12,467.04694,142.35861
70,13,467.0758,152.48692
70,14,467.0824,162.83337
70,15,467.05176,173.35854
70,16,466.87122,183.28978
70,17,463.5289,192.86885
70,18,467.01157,203.63065
70,19,467.15234,210.72244
70,20,467.41348,223.36833
70,21,467.511,234.20071
70,22,467.65405,245.3678
70,23,468.011,256.81372
70,24,467.78394,265.1618
70,25,467.70123,275.25253
70,26,467.54858,285.91098
70,27,467.51212,296.24365
70,28,467.47372,306.38007
70,29,467.36606,316.5929
70,30,467.28223,326.84454
70,31,467.2125,337.1507
70,32,467.10065,347.43854
70,33,466.79837,357.91968
70,34,467.0293,368.26315
70,35,467.38043,379.3509
70,36,467.30838,388.3888
70,37,467.26486,398.65277
70,38,467.31183,408.2517
70,39,468.12918,421.11615
70,40,466.03754,427.6007
70,41,468.13956,438.83157
70,42,467.5745,449.74847
70,43,467.7547,459.83914
70,44,467.55005,469.56067
71,0,473.6831,19.66596
71,1,473.72836,29.557652
71,2,473.8639,40.095364
71,3,474.8453,50.36312
71,4,474.72742,59.580624
71,5,473.4977,71.72801
71,6,472.0806,82.908806
71,7,472.50214,91.20427
71,8,473.19678,101.49544
71,9,472.99774,111.58748
71,10,472.68533,120.33389
71,11,473.32007,132.039
71,12,473.45706,141.951
71,13,473.52228,152.37573
71,14,473.5746,162.68839
71,15,473.5699,173.21524
71,16,473.61395,183.28276
71,17,473.63873,193.22102
71,18,473.62927,203.56842
71,19,473.51617,212.33653
71,20,473.89218,223.16043
71,21,473.81522,234.23514
71,22,473.69763,245.56807
71,23,472.77307,258.07712
71,24,473.69284,264.7247
71,25,474.26755,275.19485
71,26,473.90967,285.85773
71,27,474.00507,296.45264
71,28,474.0807,306.42154
71,29,473.8595,316.69412
71,30,473.77338,326.8818
71,31,473.71326,337.1836
71,32,473.59454,347.49887
71,33,473.54947,357.99182
71,34,473.57712,368.17444
71,35,473.63696,378.8158
71,36,473.7042,388.64578
71,37,473.96765,399.6597
71,38,474.0567,409.0843
71,39,473.47696,419.87494
71,40,473.3617,429.0677
71,41,473.36847,439.0067
71,42,470.794,449.7638
71,43,473.70465,460.50134
71,44,473.98315,469.4654
