72,45
0,0,19.605274,19.807985
0,1,19.615965,30.024551
0,2,19.49494,35.470203
0,3,19.205225,50.44441
0,4,19.362457,59.141308
0,5,19.58995,70.46507
0,6,19.118204,80.39876
0,7,18.963428,88.6876
0,8,19.196672,99.130325
0,9,19.833315,111.083954
0,10,19.99867,121.41089
0,11,20.063591,131.41306
0,12,20.066536,142.14755
0,13,20.052748,152.29903
0,14,20.03994,162.69753
0,15,20.028936,173.06706
0,16,20.018394,183.29602
0,17,20.006397,193.51353
0,18,19.989927,203.91466
0,19,19.963652,214.41577
0,20,19.915918,225.11911
0,21,19.851416,235.23158
0,22,19.85795,245.28221
0,23,19.94064,255.42403
0,24,20.006172,265.41507
0,25,20.067884,275.64575
0,26,20.161894,285.884
0,27,20.478125,295.86575
0,28,20.488937,305.5855
0,29,20.184856,316.3363
0,30,20.11149,326.72107
0,31,20.080252,337.04617
0,32,20.064383,347.41565
0,33,20.056408,357.71088
0,34,20.054457,367.73618
0,35,20.060686,378.09064
0,36,20.083214,388.21173
0,37,20.142143,398.5535
0,38,20.137838,408.52267
0,39,20.055471,418.75275
0,40,20.0241,428.8687
0,41,20.01624,439.20108
0,42,20.014168,449.50296
0,43,20.01334,459.8071
0,44,20.012804,470.0425
1,0,26.447927,14.973357
1,1,25.970604,29.934013
1,2,25.883356,39.50228
1,3,25.961342,50.192776
1,4,25.145819,56.515717
1,5,26.032877,70.47548
1,6,27.676975,81.23208
1,7,25.212568,89.7776
1,8,25.2553,99.11963
1,9,25.943346,111.12253
1,10,24.508266,121.07824
1,11,26.206842,131.05148
1,12,26.35186,142.07307
1,13,26.370037,152.01344
1,14,26.3779,162.62915
1,15,26.379812,173.04428
1,16,26.378456,183.19681
1,17,26.37392,193.47166
1,18,26.3649,203.91335
1,19,26.349052,214.52048
1,20,26.321413,226.48523
1,21,26.303267,235.32494
1,22,26.3157,245.40614
1,23,26.364866,255.62738
1,24,26.42439,265.34995
1,25,26.517445,275.5876
1,26,27.015266,285.83643
1,27,27.505884,295.33154
1,28,26.599367,305.51035
1,29,26.493782,316.27615
1,30,26.457457,326.69376
1,31,26.439066,337.00076
1,32,26.428852,347.39337
1,33,26.42397,357.55185
1,34,26.424765,367.6853
1,35,26.436731,378.10544
1,36,26.481182,388.3922
1,37,26.667208,398.40094
1,38,26.76509,407.90912
1,39,26.440218,418.7685
1,40,26.513374,428.98816
1,41,25.78046,439.2129
1,42,26.300905,449.53015
1,43,26.347801,459.87286
1,44,26.364216,470.18674
2,0,29.125631,17.939503
2,1,31.900463,29.665318
2,2,32.428944,39.99583
2,3,32.760532,49.75561
2,4,32.60843,55.30703
2,5,32.627132,70.490585
2,6,32.897915,82.40137
2,7,33.25075,93.19482
2,8,32.54816,98.33022
2,9,32.21087,111.18151
2,10,32.28649,120.995445
2,11,32.551334,130.38408
2,12,32.732838,142.00243
2,13,32.723392,151.54808
2,14,32.720432,162.58374
2,15,32.704636,173.02917
2,16,32.665916,183.01218
2,17,32.558247,193.42946
2,18,31.968307,203.9192
2,19,32.47931,214.50522
2,20,32.68347,226.13272
2,21,32.807213,235.4607
2,22,33.13323,245.55902
2,23,33.463593,258.26328
2,24,32.902584,265.30435
2,25,32.862732,275.53033
2,26,32.84589,285.80582
2,27,32.841766,296.11484
2,28,32.840492,305.918
2,29,32.839302,316.27985
2,30,32.83569,326.69623
2,31,32.830154,337.00116
2,32,32.854965,347.36484
2,33,32.02875,358.9937
2,34,32.59998,367.659
2,35,32.77747,378.14365
2,36,32.823494,389.35547
2,37,32.864155,398.32187
2,38,32.979507,407.55453
2,39,33.68452,418.78885
2,40,32.48193,430.54633
2,41,32.250687,439.22287
2,42,32.77845,449.55396
2,43,32.794823,459.94598
2,44,32.797134,470.56784
3,0,37.739044,22.460396
3,1,36.70473,25.836885
3,2,38.908703,39.971912
3,3,39.14329,46.155315
3,4,39.03533,59.476658
3,5,38.94394,70.743515
3,6,39.02116,86.3821
3,7,39.153065,92.36139
3,8,35.731052,97.31948
3,9,38.319614,111.275925
3,10,37.21732,121.461395
3,11,38.949398,128.47421
3,12,38.615646,141.82803
3,13,38.692173,151.87285
3,14,38.927864,162.58519
3,15,39.00438,173.02448
3,16,39.012405,182.79097
3,17,38.964478,193.40543
3,18,38.884445,203.94519
3,19,38.951607,214.40083
3,20,39.057083,225.13939
3,21,39.11388,235.17828
3,22,39.155792,245.41797
3,23,39.192635,255.61758
3,24,39.2225,265.27057
3,25,39.24685,275.49896
3,26,39.26637,285.7805
3,27,39.282997,296.21658
3,28,39.296112,306.08926
3,29,39.30524,316.30392
3,30,39.30277,326.72232
3,31,39.268845,337.04614
3,32,39.162285,347.26425
3,33,38.912193,357.8612
3,34,38.935482,367.65045
3,35,38.91135,378.09134
3,36,38.0935,390.7022
3,37,38.854893,398.2784
3,38,38.961082,408.15417
3,39,38.878986,418.81454
3,40,38.273163,430.9569
3,41,38.6417,439.22913
3,42,38.90157,449.5669
3,43,38.8741,459.98172
3,44,38.270454,471.21677
4,0,43.98296,22.286617
4,1,44.56209,27.051067
4,2,45.494785,39.83966
4,3,45.477795,49.765274
4,4,45.371197,60.1884
4,5,45.44704,70.98833
4,6,45.524868,82.719925
4,7,45.358616,91.55888
4,8,45.01094,101.157875
4,9,44.937954,111.52032
4,10,44.76315,121.85512
4,11,44.77437,131.17155
4,12,45.267563,141.08632
4,13,45.747307,152.09105
4,14,45.42353,162.65314
4,15,45.117462,173.026
4,16,45.187473,182.95522
4,17,45.318584,193.41797
4,18,45.34492,203.99814
4,19,45.399296,214.28319
4,20,45.46995,224.9861
4,21,45.524036,234.96175
4,22,45.567944,245.16621
4,23,45.603886,255.31783
4,24,45.630886,265.24234
4,25,45.65161,275.47455
4,26,45.669598,285.76245
4,27,45.687634,296.1426
4,28,45.705654,306.18652
4,29,45.72397,316.32413
4,30,45.73867,326.7629
4,31,45.729336,337.1626
4,32,45.64815,347.13245
4,33,45.5127,357.54703
4,34,45.446083,367.6575
4,35,45.381187,377.90073
4,36,45.23749,388.38025
4,37,45.29734,398.246
4,38,45.308544,408.39365
4,39,45.131454,418.85272
4,40,42.476974,428.99857
4,41,44.716774,439.23132
4,42,45.216976,449.56747
4,43,45.23877,459.95264
4,44,45.014275,470.4466
5,0,51.9135,21.146282
5,1,50.89253,29.596392
5,2,52.37171,40.583706
5,3,52.039318,50.026745
5,4,51.840508,60.604317
5,5,51.721153,71.23236
5,6,53.3331,84.24163
5,7,52.225235,91.38741
5,8,51.850075,101.460495
5,9,51.765106,111.74772
5,10,51.74013,121.81514
5,11,51.62006,131.7272
5,12,51.49515,142.23543
5,13,51.71159,151.90977
5,14,51.730934,162.58778
5,15,51.667027,173.02988
5,16,51.66565,183.25128
5,17,51.643993,193.4522
5,18,51.144665,204.08319
5,19,51.607998,214.19882
5,20,51.84249,224.8268
5,21,51.933186,234.87126
5,22,51.99279,245.02344
5,23,52.03544,255.209
5,24,52.06177,265.21994
5,25,52.079105,275.45627
5,26,52.096226,285.7512
5,27,52.117702,296.12137
5,28,52.143894,306.27722
5,29,52.17651,316.3355
5,30,52.222004,326.79996
5,31,52.276016,337.43118
5,32,52.198166,346.98874
5,33,52.052265,357.4178
5,34,51.966187,367.6863
5,35,51.90726,377.55005
5,36,51.839645,388.07626
5,37,51.814095,398.2217
5,38,51.77901,408.53015
5,39,51.652653,419.03287
5,40,51.45108,428.87463
5,41,51.511253,439.23102
5,42,51.7167,449.56006
5,43,51.721653,459.90213
5,44,51.686028,470.169
6,0,57.373623,21.764423
6,1,57.396503,30.526815
6,2,57.559414,40.190388
6,3,57.85721,49.962093
6,4,57.909237,60.690014
6,5,57.733063,71.42432
6,6,58.290607,85.02725
6,7,58.631596,90.99942
6,8,58.44514,101.69037
6,9,58.485695,111.932465
6,10,58.313404,121.717674
6,11,58.118034,131.98547
6,12,57.774025,142.5506
6,13,56.739376,149.59515
6,14,57.9686,162.58447
6,15,58.053337,173.03159
6,16,58.080193,183.3461
6,17,58.075146,193.48433
6,18,58.01394,204.29298
6,19,58.118843,214.0845
6,20,58.262608,224.64713
6,21,58.39419,234.84924
6,22,58.46144,244.97035
6,23,58.510128,255.17549
6,24,58.53013,265.20975
6,25,58.53727,275.4483
6,26,58.549026,285.75156
6,27,58.569836,296.10052
6,28,58.597748,306.37274
6,29,58.62695,316.33618
6,30,58.654797,326.79788
6,31,58.633007,337.59622
6,32,58.28059,346.81592
6,33,58.545017,357.35254
6,34,58.55513,367.75098
6,35,58.52523,376.80585
6,36,58.516045,387.97046
6,37,58.437744,398.29846
6,38,58.34003,408.6553
6,39,58.1372,419.20767
6,40,56.2256,428.87292
6,41,58.145546,439.22992
6,42,58.216843,449.55203
6,43,58.21509,459.86615
6,44,58.200764,470.0674
7,0,64.23988,20.693588
7,1,64.225555,30.524878
7,2,63.79888,40.186237
7,3,64.21563,50.0466
7,4,64.473206,60.76161
7,5,64.90605,71.76212
7,6,64.961716,81.767975
7,7,64.80969,87.182976
7,8,64.990555,102.0089
7,9,65.462296,112.15307
7,10,64.96541,121.51946
7,11,64.77558,132.17781
7,12,64.60661,142.68375
7,13,64.59052,151.87941
7,14,65.08151,162.60274
7,15,64.715775,173.0379
7,16,64.6374,183.40887
7,17,64.60177,193.50095
7,18,64.584496,204.66994
7,19,64.62442,213.83145
7,20,64.705055,224.73578
7,21,64.781075,234.79842
7,22,64.85991,244.97409
7,23,64.9027,255.21254
7,24,64.90017,265.24173
7,25,64.89695,275.4686
7,26,64.89184,285.77246
7,27,64.90209,296.11792
7,28,64.922844,306.5136
7,29,64.93464,316.31888
7,30,64.915306,326.7352
7,31,65.14632,337.2994
7,32,64.76284,346.92896
7,33,64.696724,357.3973
7,34,64.54751,367.9025
7,35,64.507286,377.48172
7,36,64.74786,388.01483
7,37,64.70003,398.27036
7,38,64.614876,408.80325
7,39,64.37112,419.57132
7,40,63.842407,428.8571
7,41,64.49144,439.22964
7,42,64.56678,449.54782
7,43,64.58158,459.84845
7,44,64.58482,470.0219
8,0,71.0019,20.367085
8,1,70.91779,30.531483
8,2,70.221794,40.24863
8,3,70.63094,50.25903
8,4,70.754234,60.83903
8,5,70.263405,71.95171
8,6,70.52267,81.224495
8,7,70.630196,90.54352
8,8,70.922714,102.066086
8,9,71.0265,112.50423
8,10,71.1729,121.64585
8,11,71.44248,132.37321
8,12,71.18765,142.85791
8,13,69.31397,147.81628
8,14,73.305756,164.91759
8,15,71.070145,173.05139
8,16,70.9688,183.29596
8,17,70.89278,193.49106
8,18,70.44719,204.46368
8,19,70.62795,213.06737
8,20,71.13734,224.76851
8,21,71.44491,234.77258
8,22,73.492096,245.01079
8,23,71.73088,255.38425
8,24,71.52864,266.11392
8,25,71.42301,275.59882
8,26,71.39512,285.8329
8,27,71.4074,296.15866
8,28,71.46064,306.66708
8,29,71.52014,316.27158
8,30,71.55224,326.6012
8,31,71.66877,337.1552
8,32,72.32054,348.8549
8,33,71.59925,357.43323
8,34,71.30831,368.1683
8,35,71.46043,378.02847
8,36,71.4721,388.1334
8,37,71.238014,398.3046
8,38,71.13169,408.94263
8,39,69.140366,424.67438
8,40,70.9618,428.8661
8,41,71.062546,439.23224
8,42,71.06988,449.55008
8,43,71.06356,459.84677
8,44,71.05746,470.00235
9,0,77.821556,20.266977
9,1,78.099464,30.688473
9,2,77.64092,41.967587
9,3,77.50077,50.41016
9,4,77.465576,60.932236
9,5,77.28996,70.159645
9,6,77.39518,80.90956
9,7,77.39569,91.080376
9,8,77.52421,101.91699
9,9,76.38163,112.89108
9,10,77.36034,122.11132
9,11,78.431694,132.56665
9,12,77.65568,143.10391
9,13,77.906,152.46739
9,14,77.89442,163.03036
9,15,77.763824,173.07779
9,16,77.59239,183.34451
9,17,77.18922,193.4376
9,18,76.34128,204.19716
9,19,77.0014,213.68593
9,20,77.45878,224.61047
9,21,77.6082,234.38498
9,22,77.83104,244.87863
9,23,78.652504,255.31627
9,24,78.594826,268.5659
9,25,79.7094,276.33276
9,26,77.899826,285.89575
9,27,77.85643,296.2088
9,28,77.94458,307.0844
9,29,78.11627,316.22327
9,30,78.0089,326.3052
9,31,78.72747,337.07755
9,32,77.79971,351.39572
9,33,77.74014,357.43265
9,34,77.782616,368.5915
9,35,77.73761,378.52887
9,36,77.572205,389.09293
9,37,77.46557,399.72678
9,38,77.32426,408.95428
9,39,76.96867,420.1439
9,40,77.27296,428.8985
9,41,77.385475,439.23846
9,42,77.41811,449.55878
9,43,77.42877,459.8581
9,44,77.43362,469.99847
10,0,83.692345,20.546415
10,1,83.50904,30.8419
10,2,82.72631,40.32754
10,3,83.45393,50.51725
10,4,83.4102,61.05441
10,5,83.39528,70.95281
10,6,80.71753,81.11396
10,7,83.562355,90.85373
10,8,83.654106,101.715935
10,9,83.58989,112.75859
10,10,83.363335,122.69288
10,11,83.813896,132.91956
10,12,84.443436,143.45807
10,13,83.98473,152.78154
10,14,84.38204,162.65475
10,15,84.51935,173.14276
10,16,83.96176,183.32431
10,17,83.72185,193.29257
10,18,83.513306,203.91423
10,19,83.604836,213.94926
10,20,83.74843,224.33766
10,21,83.838844,232.64247
10,22,83.88681,244.51683
10,23,83.916306,254.9352
10,24,83.93476,265.3484
10,25,83.93975,275.49252
10,26,83.90453,285.69952
10,27,83.70274,296.2778
10,28,83.26966,306.63947
10,29,84.56575,318.7178
10,30,84.08174,325.4369
10,31,84.059975,336.945
10,32,84.04022,347.69382
10,33,84.03633,357.2268
10,34,84.371086,368.82373
10,35,84.302155,378.58817
10,36,82.27587,393.10733
10,37,83.733635,397.5226
10,38,83.88034,408.91782
10,39,83.895096,419.32288
10,40,83.89311,428.9116
10,41,83.88523,439.2494
10,42,83.8761,449.57538
10,43,83.867645,459.88287
10,44,83.86176,470.00656
11,0,90.093346,20.84136
11,1,89.94927,31.224955
11,2,89.82459,40.09863
11,3,89.90262,50.631634
11,4,90.020676,61.347134
11,5,89.736984,70.95185
11,6,85.8941,79.83239
11,7,89.933464,90.33081
11,8,90.10403,101.52002
11,9,90.19511,112.658775
11,10,90.1936,123.05712
11,11,90.344536,132.44604
11,12,91.04404,142.17561
11,13,88.928246,157.83221
11,14,89.38762,157.23154
11,15,90.13321,173.48477
11,16,90.1666,182.6314
11,17,90.08823,192.98021
11,18,89.93789,203.50572
11,19,89.5643,213.74522
11,20,89.81347,224.40619
11,21,89.67229,231.4164
11,22,90.26545,244.25162
11,23,91.44925,254.54037
11,24,90.722496,264.21356
11,25,90.50165,274.81628
11,26,90.43443,285.28223
11,27,90.28394,296.71835
11,28,89.83641,306.8197
11,29,89.885475,315.56262
11,30,89.88796,325.9249
11,31,90.202156,336.86502
11,32,90.29961,346.9647
11,33,90.348434,356.34692
11,34,90.38109,368.4558
11,35,90.18415,378.5981
11,36,90.84022,389.4407
11,37,90.426125,398.3327
11,38,90.3611,408.9576
11,39,90.328285,419.11688
11,40,90.30777,428.92722
11,41,90.29155,439.26523
11,42,90.2789,449.6002
11,43,90.26906,459.92252
11,44,90.26235,470.02536
12,0,94.79193,26.626066
12,1,95.60979,31.91429
12,2,96.41888,40.079266
12,3,96.69818,50.69415
12,4,97.41224,62.108093
12,5,96.91779,70.80097
12,6,96.23691,80.48608
12,7,95.26882,90.19601
12,8,96.44511,101.57489
12,9,96.77388,112.6894
12,10,97.153465,123.35174
12,11,99.03799,133.36842
12,12,95.91991,141.92082
12,13,97.17949,153.81018
12,14,97.159966,167.54826
12,15,96.796104,175.88618
12,16,94.71995,181.83376
12,17,95.73457,192.95633
12,18,95.153725,202.72688
12,19,98.49926,211.84769
12,20,97.24633,224.82394
12,21,97.45881,233.06972
12,22,95.94117,243.9591
12,23,96.56246,254.38818
12,24,96.727036,263.96512
12,25,96.802444,273.13257
12,26,96.791214,284.07703
12,27,96.25369,296.7826
12,28,96.60666,305.99893
12,29,96.51433,316.24963
12,30,96.61602,326.30783
12,31,96.92855,336.98907
12,32,96.90031,346.87006
12,33,96.52705,356.772
12,34,96.7488,368.13156
12,35,96.170525,378.3543
12,36,96.548775,389.00735
12,37,96.72362,398.49283
12,38,96.732765,409.13074
12,39,96.72482,418.93375
12,40,96.71413,428.9467
12,41,96.70317,439.28745
12,42,96.69338,449.63474
12,43,96.68509,459.98218
12,44,96.679,470.05603
13,0,101.775215,25.650484
13,1,99.35942,31.085073
13,2,102.22013,39.994232
13,3,103.02407,49.5904
13,4,103.32419,61.170498
13,5,103.07256,70.83322
13,6,102.88638,80.58808
13,7,102.83744,90.68111
13,8,103.527275,102.04059
13,9,103.51284,112.89663
13,10,103.57019,123.40376
13,11,103.13153,133.05708
13,12,103.76963,145.56334
13,13,103.54569,153.54364
13,14,103.20145,164.11526
13,15,102.949326,175.07857
13,16,102.95558,183.98482
13,17,101.91894,192.75671
13,18,102.76038,200.2853
13,19,102.99846,211.93964
13,20,103.70507,225.81097
13,21,103.34328,233.97278
13,22,103.18887,243.93019
13,23,104.50051,254.43654
13,24,102.57474,263.38113
13,25,102.85284,273.2667
13,26,102.63774,283.59366
13,27,102.80487,295.79565
13,28,100.05834,306.45697
13,29,102.98658,315.84372
13,30,103.12004,326.25204
13,31,103.13993,337.00125
13,32,103.08533,346.83105
13,33,103.108734,357.18304
13,34,103.33375,368.09247
13,35,103.34138,377.92834
13,36,103.20237,388.63712
13,37,103.22436,398.64267
13,38,103.22732,409.7341
13,39,103.22543,418.9135
13,40,103.21349,428.97058
13,41,103.1997,439.31668
13,42,103.191246,449.68176
13,43,103.1883,460.07242
13,44,103.18626,470.1031
14,0,106.36235,23.65279
14,1,107.041565,33.443707
14,2,108.593704,43.271866
14,3,105.965866,47.775734
14,4,110.714775,60.743073
14,5,108.62434,71.05432
14,6,108.699326,78.840706
14,7,109.052635,90.93884
14,8,109.56875,102.535034
14,9,110.011024,113.16752
14,10,109.928375,123.60906
14,11,109.400215,133.27342
14,12,108.572495,145.22151
14,13,110.05904,153.64482
14,14,109.96454,164.04346
14,15,110.13373,173.842
14,16,109.87584,184.04845
14,17,109.890594,194.09245
14,18,109.7223,202.99295
14,19,109.60961,213.70523
14,20,109.55473,225.24307
14,21,109.46378,234.37897
14,22,109.26438,243.96564
14,23,108.97669,254.47688
14,24,108.16963,262.8728
14,25,108.6999,273.41647
14,26,109.72812,281.85925
14,27,109.13161,295.50082
14,28,108.93766,306.2606
14,29,109.19908,315.47208
14,30,109.41663,325.83344
14,31,109.51854,336.70166
14,32,109.62154,346.81323
14,33,109.628456,357.4021
14,34,110.08269,368.1506
14,35,110.718185,375.79422
14,36,109.56221,388.45157
14,37,109.55293,398.76923
14,38,109.12985,409.76923
14,39,109.309006,418.9316
14,40,109.51613,428.9986
14,41,109.55945,439.35385
14,42,109.57857,449.73685
14,43,109.59688,460.21707
14,44,109.610954,470.17252
15,0,112.21419,23.167278
15,1,109.7601,27.143887
15,2,114.71568,36.461548
15,3,114.63065,50.13984
15,4,115.87147,60.931293
15,5,115.34274,71.398315
15,6,115.24685,81.28411
15,7,115.80264,91.63523
15,8,116.28496,103.018486
15,9,116.61322,113.598465
15,10,116.84875,125.15117
15,11,116.28187,132.11996
15,12,115.72446,144.95375
15,13,116.1497,152.7483
15,14,116.40381,163.68468
15,15,116.21308,173.73079
15,16,116.4516,183.14757
15,17,117.082115,195.80652
15,18,116.489624,203.76944
15,19,116.29554,214.70467
15,20,116.121216,225.9123
15,21,115.95475,234.67104
15,22,115.80122,244.14767
15,23,115.60054,254.55472
15,24,115.11047,264.25616
15,25,115.72986,274.03476
15,26,116.06765,282.13513
15,27,115.48874,295.5094
15,28,114.31412,306.1308
15,29,115.00783,315.41544
15,30,115.356674,325.96936
15,31,115.78927,336.38235
15,32,115.82083,346.80383
15,33,115.79281,357.47638
15,34,115.75493,368.18436
15,35,115.36271,377.3477
15,36,115.60289,388.4262
15,37,115.811005,398.78955
15,38,115.78857,409.29227
15,39,115.8452,418.92834
15,40,115.911095,429.03088
15,41,115.933975,439.40024
15,42,115.95614,449.82013
15,43,115.988525,460.18076
15,44,115.976166,470.2809
16,0,117.24197,24.254704
16,1,119.81956,28.656954
16,2,125.23566,35.05212
16,3,122.114586,50.314106
16,4,121.92527,61.275112
16,5,121.731834,72.447136
16,6,120.5738,81.20259
16,7,122.68651,92.45983
16,8,122.139,104.133835
16,9,121.89812,114.27869
16,10,121.76337,130.72958
16,11,122.32507,135.38846
16,12,122.35256,144.76958
16,13,122.329834,150.7968
16,14,121.946724,163.64865
16,15,121.81029,173.64943
16,16,121.258965,180.79987
16,17,121.9747,198.521
16,18,121.23315,203.89214
16,19,122.64522,215.0602
16,20,122.48749,229.76714
16,21,122.40177,235.2865
16,22,122.33327,244.39507
16,23,122.26616,254.7175
16,24,121.956345,264.91058
16,25,121.93572,274.4964
16,26,122.04686,284.64307
16,27,121.97806,295.73294
16,28,121.800156,306.10547
16,29,121.88055,315.78973
16,30,122.24561,326.4554
16,31,122.67194,335.7277
16,32,122.35025,346.79428
16,33,122.305275,357.54773
16,34,122.27525,368.16626
16,35,122.16203,378.07825
16,36,122.13839,388.48138
16,37,122.00576,398.23312
16,38,122.04164,409.2937
16,39,122.29417,418.95792
16,40,122.27035,429.067
16,41,122.280556,439.45676
16,42,122.31306,449.93604
16,43,122.373085,460.6366
16,44,122.463974,470.47272
17,0,126.228775,19.535728
17,1,126.93258,29.562122
17,2,127.58868,43.249508
17,3,128.19672,50.319435
17,4,128.32518,61.03589
17,5,129.04799,71.994736
17,6,131.35674,82.58453
17,7,130.61725,93.30235
17,8,129.08916,101.70476
17,9,128.52504,114.71748
17,10,130.88774,129.6396
17,11,128.9348,135.05048
17,12,130.52365,145.84622
17,13,128.94334,151.36952
17,14,128.99348,164.01598
17,15,129.22076,173.5739
17,16,128.43018,182.64857
17,17,128.9239,196.2158
17,18,129.27335,203.80946
17,19,129.3375,215.11383
17,20,129.22006,225.79
17,21,128.89215,235.73912
17,22,128.84212,244.0346
17,23,128.8016,255.3525
17,24,128.28102,263.31253
17,25,128.74384,274.9173
17,26,128.76837,285.1182
17,27,128.57338,296.0574
17,28,128.47763,306.12643
17,29,128.49463,316.27567
17,30,128.59724,326.74063
17,31,128.67986,335.549
17,32,128.71518,346.7727
17,33,128.75565,357.6445
17,34,128.85855,368.14215
17,35,128.9266,378.43378
17,36,128.85556,388.5428
17,37,128.6736,398.44913
17,38,128.87543,409.59982
17,39,129.35658,419.01276
17,40,128.76218,429.10437
17,41,128.73784,439.57385
17,42,128.80809,450.0966
17,43,128.95532,459.75198
17,44,128.89897,470.8587
18,0,130.84424,23.330631
18,1,134.08185,27.974697
18,2,133.40057,36.97545
18,3,135.6493,50.33683
18,4,134.62341,60.662018
18,5,134.61183,71.357475
18,6,135.30176,84.36232
18,7,134.14468,97.72292
18,8,134.13594,101.42077
18,9,136.7251,119.84171
18,10,135.84802,126.15983
18,11,136.02495,133.95386
18,12,135.63066,143.97322
18,13,135.28407,151.88925
18,14,135.44052,164.86597
18,15,136.78513,182.19865
18,16,135.45639,181.9731
18,17,136.54372,194.10603
18,18,135.93134,203.20566
18,19,135.38853,214.22855
18,20,135.14706,225.50194
18,21,134.27058,234.29
18,22,133.64227,241.19418
18,23,135.35944,254.59428
18,24,135.21669,263.9133
18,25,135.30298,275.5037
18,26,136.0506,285.6912
18,27,135.18727,296.7677
18,28,135.11064,306.215
18,29,135.12244,316.8039
18,30,135.17189,327.36664
18,31,135.00612,337.79532
18,32,134.8419,346.7318
18,33,135.15672,357.8239
18,34,135.56573,368.1197
18,35,135.79945,378.8402
18,36,135.67603,388.63712
18,37,135.16493,398.5629
18,38,135.04454,409.40353
18,39,134.99442,419.1591
18,40,134.96346,429.137
18,41,134.92702,439.55692
18,42,134.85637,450.37784
18,43,134.74385,458.14594
18,44,134.68118,471.17923
19,0,140.51299,18.418781
19,1,140.20886,28.686687
19,2,139.1896,37.299324
19,3,140.83601,50.601803
19,4,141.0989,59.52696
19,5,141.06697,69.99437
19,6,141.14594,82.99372
19,7,141.4107,93.43699
19,8,142.26431,103.26791
19,9,142.06302,113.5916
19,10,142.40282,125.74925
19,11,142.24507,139.7923
19,12,141.42268,143.62563
19,13,141.32938,152.81496
19,14,141.56093,165.41098
19,15,145.94406,182.56158
19,16,143.80508,183.8885
19,17,142.38667,195.33759
19,18,142.68254,203.25104
19,19,142.0074,213.67253
19,20,143.23065,221.10724
19,21,141.72853,234.62373
19,22,141.97333,242.588
19,23,142.3562,254.12022
19,24,142.12495,263.21707
19,25,141.35963,275.48746
19,26,141.6127,286.3433
19,27,141.60335,297.68896
19,28,141.50493,308.07956
19,29,141.67606,315.20764
19,30,142.01703,326.8958
19,31,141.9,335.48724
19,32,141.60428,346.6567
19,33,141.6027,358.19504
19,34,141.75183,368.0788
19,35,141.68358,378.73514
19,36,141.5199,388.84412
19,37,141.44957,398.77353
19,38,141.40112,409.22137
19,39,141.37746,419.62607
19,40,141.35355,429.16504
19,41,141.3041,439.583
19,42,141.09984,450.69946
19,43,140.66728,460.746
19,44,141.12718,471.12268
20,0,147.29906,18.101818
20,1,144.10808,32.677845
20,2,146.50989,39.099606
20,3,146.68909,50.966125
20,4,145.70131,59.832726
20,5,146.1399,68.38132
20,6,147.25197,81.710815
20,7,147.70677,91.972626
20,8,148.47581,103.619446
20,9,148.98892,112.69214
20,10,148.18742,126.24122
20,11,150.53148,135.06529
20,12,148.52934,146.49405
20,13,148.50102,153.16908
20,14,149.37401,167.01097
20,15,148.88393,175.46724
20,16,148.65524,185.88556
20,17,149.04749,192.98088
20,18,149.0287,205.07036
20,19,146.04083,206.49144
20,20,148.02866,224.85143
20,21,148.43958,235.75983
20,22,148.63351,241.89363
20,23,148.83662,253.99641
20,24,148.76262,263.03745
20,25,148.4662,275.21738
20,26,147.91972,287.30338
20,27,147.6129,297.01767
20,28,147.62724,306.6506
20,29,147.95847,313.36554
20,30,148.96706,326.55383
20,31,148.91016,335.1781
20,32,147.95186,346.44687
20,33,147.60886,358.0684
20,34,148.0519,368.0079
20,35,148.15306,378.42896
20,36,147.87747,388.90567
20,37,147.06058,398.90372
20,38,148.12077,409.16733
20,39,145.22574,421.6119
20,40,147.52495,429.18738
20,41,147.75168,439.6631
20,42,147.64568,450.43118
20,43,147.66017,461.2617
20,44,146.10709,472.00784
21,0,153.4048,19.111639
21,1,152.59547,31.313812
21,2,152.8193,38.200054
21,3,153.17244,50.99223
21,4,155.58614,61.300213
21,5,153.38907,70.38783
21,6,153.60803,79.717804
21,7,153.66331,90.090706
21,8,154.61404,102.715996
21,9,154.90979,111.98714
21,10,155.41402,126.728714
21,11,155.86302,134.78056
21,12,155.92635,147.17441
21,13,156.09735,155.2757
21,14,159.55545,170.4166
21,15,155.08134,176.90193
21,16,159.18245,182.48764
21,17,153.33981,193.86888
21,18,156.6169,204.6898
21,19,154.49828,213.9921
21,20,153.83421,230.51672
21,21,152.96666,235.22974
21,22,149.75565,238.87822
21,23,153.69148,253.19003
21,24,153.87434,267.07724
21,25,154.03017,275.13126
21,26,155.59396,289.71005
21,27,153.98764,296.35437
21,28,153.59431,307.65457
21,29,152.06908,321.7901
21,30,154.31973,325.00668
21,31,154.7984,334.6585
21,32,154.47247,346.3427
21,33,154.62247,357.6362
21,34,154.54695,367.8857
21,35,154.44594,378.14847
21,36,154.23117,388.93326
21,37,154.5384,400.12952
21,38,154.25374,408.64835
21,39,153.7912,419.1967
21,40,153.9854,429.22003
21,41,153.98297,439.61963
21,42,153.92159,450.24527
21,43,153.87434,461.2155
21,44,153.90952,470.93878
22,0,160.03372,19.118788
22,1,159.53381,29.998281
22,2,159.4562,38.89524
22,3,159.57959,50.673824
22,4,159.69612,61.078686
22,5,159.72592,71.11156
22,6,159.67075,81.27882
22,7,160.20691,90.64064
22,8,160.63222,99.692894
22,9,161.48395,110.93057
22,10,163.39183,127.87833
22,11,163.42624,134.75612
22,12,161.04819,147.59724
22,13,161.53703,163.59894
22,14,163.8342,180.23941
22,15,160.64873,182.18439
22,16,160.1065,182.45331
22,17,160.31454,194.6033
22,18,159.16562,205.03343
22,19,159.64415,213.92186
22,20,161.41449,225.46959
22,21,161.58379,234.60594
22,22,160.00157,241.77557
22,23,158.0751,254.00632
22,24,160.72559,264.82675
22,25,160.29678,274.95963
22,26,161.1134,284.93192
22,27,161.08926,295.87424
22,28,160.22643,307.30753
22,29,160.00743,317.66544
22,30,159.03262,323.68228
22,31,160.90762,334.46463
22,32,160.7626,346.2445
22,33,160.70218,356.9456
22,34,160.60002,367.90143
22,35,159.56155,377.71527
22,36,160.24709,388.81143
22,37,159.71796,400.7038
22,38,160.24199,408.5219
22,39,160.2797,419.01245
22,40,160.3675,429.2951
22,41,160.39189,439.47772
22,42,160.38194,450.10242
22,43,160.37448,460.70306
22,44,160.38222,470.6011
23,0,166.05264,19.105692
23,1,166.11728,29.65878
23,2,166.12137,38.898396
23,3,166.1546,50.573303
23,4,165.64507,60.813156
23,5,166.11452,71.35592
23,6,165.4526,87.86312
23,7,166.16812,91.04104
23,8,166.02592,100.832016
23,9,171.37558,106.6491
23,10,167.55948,124.92307
23,11,167.18475,135.55267
23,12,167.8096,147.5665
23,13,166.56184,159.30688
23,14,168.34174,165.52888
23,15,166.90149,175.54126
23,16,167.57106,184.97635
23,17,166.43884,194.8603
23,18,166.4161,204.95256
23,19,167.35904,216.33882
23,20,167.28976,225.2
23,21,167.1025,234.9202
23,22,166.1741,244.33011
23,23,166.5137,254.039
23,24,166.47491,264.8295
23,25,166.46603,276.04224
23,26,165.52884,284.88504
23,27,167.18816,295.67282
23,28,167.2297,306.8018
23,29,167.32227,317.64413
23,30,168.14714,326.0797
23,31,167.41158,336.71814
23,32,165.35167,346.8569
23,33,166.38603,356.51685
23,34,166.03337,367.02457
23,35,169.97267,380.1184
23,36,166.90178,388.60168
23,37,165.96684,402.71677
23,38,166.30942,408.78043
23,39,166.9919,419.05106
23,40,167.1478,429.56955
23,41,167.0157,439.4289
23,42,166.89697,449.97977
23,43,166.83237,460.39084
23,44,166.7826,470.5035
24,0,171.80403,18.804735
24,1,172.10391,29.57617
24,2,172.32898,39.135452
24,3,172.34549,50.503094
24,4,171.87149,60.52195
24,5,171.61531,71.17615
24,6,169.79788,79.49636
24,7,171.83992,88.65438
24,8,174.98044,106.1299
24,9,174.64594,110.34315
24,10,173.72865,125.13096
24,11,173.67279,134.86565
24,12,173.65611,143.26527
24,13,172.9034,155.5733
24,14,174.27545,171.2963
24,15,175.05203,175.93924
24,16,174.92825,186.11948
24,17,177.79106,198.94496
24,18,175.47502,207.47469
24,19,174.71529,216.91043
24,20,174.465,225.43181
24,21,176.30806,235.4963
24,22,176.07828,243.34193
24,23,173.80093,254.47807
24,24,173.94604,265.86725
24,25,174.25893,277.72824
24,26,173.88255,285.61957
24,27,174.74919,296.53568
24,28,173.4121,306.9728
24,29,171.9138,317.38687
24,30,172.14499,329.612
24,31,172.94539,336.5052
24,32,175.55376,341.48102
24,33,173.84093,356.46265
24,34,173.49542,362.3516
24,35,173.38,379.53696
24,36,173.26909,388.39322
24,37,172.92155,399.0102
24,38,173.29071,409.91348
24,39,173.60469,419.0558
24,40,175.07407,435.24216
24,41,173.74728,439.39636
24,42,173.54173,449.99017
24,43,173.44594,460.34164
24,44,173.3753,470.49277
25,0,177.84996,18.451208
25,1,178.19609,29.688698
25,2,178.39201,38.8986
25,3,177.83867,50.435326
25,4,177.50931,60.582436
25,5,178.01561,70.84881
25,6,174.93033,80.303665
25,7,171.19211,79.28639
25,8,179.20976,105.089714
25,9,178.72778,110.52796
25,10,182.2734,120.17088
25,11,180.00958,135.15488
25,12,180.87209,144.3468
25,13,183.5277,153.3999
25,14,180.56715,174.47215
25,15,181.78873,178.44844
25,16,182.65811,188.16953
25,17,179.12003,197.42308
25,18,182.86104,206.32076
25,19,180.5383,216.43571
25,20,180.2138,225.31122
25,21,179.33405,235.48155
25,22,179.04361,244.53188
25,23,180.2932,256.06552
25,24,181.29115,266.83707
25,25,179.67566,277.68594
25,26,180.44507,286.4366
25,27,180.9946,301.79474
25,28,180.60385,309.9503
25,29,179.47307,317.60974
25,30,179.60725,326.4788
25,31,179.84465,337.41025
25,32,179.32664,345.3188
25,33,179.04039,356.93997
25,34,179.6435,367.20493
25,35,179.57663,378.1745
25,36,179.58574,388.16083
25,37,179.6044,397.91653
25,38,179.08586,410.40485
25,39,179.81795,418.8949
25,40,179.98376,430.63495
25,41,180.09218,439.38174
25,42,180.1838,450.14352
25,43,179.99525,460.39987
25,44,179.83781,470.54132
26,0,185.26875,18.873198
26,1,184.58066,29.820461
26,2,184.46701,39.118378
26,3,184.66348,50.32801
26,4,184.63742,60.768673
26,5,184.56169,70.66717
26,6,183.6098,82.33758
26,7,182.75548,89.57899
26,8,183.11577,96.68758
26,9,185.48203,110.10744
26,10,185.71075,116.38223
26,11,186.95053,135.36783
26,12,185.76273,151.3191
26,13,187.16434,153.67798
26,14,188.98947,168.87254
26,15,189.5381,175.07959
26,16,189.5391,187.89427
26,17,192.54582,197.07611
26,18,187.63745,205.5503
26,19,187.76445,217.27339
26,20,189.72295,224.59956
26,21,185.64897,238.40712
26,22,185.81905,245.6875
26,23,188.14069,255.96562
26,24,186.6545,267.10532
26,25,186.40596,276.9118
26,26,186.44537,287.40274
26,27,187.14587,297.71902
26,28,186.89943,307.81195
26,29,187.2979,317.58405
26,30,186.91861,327.37753
26,31,186.78958,343.23004
26,32,189.66818,355.47498
26,33,186.2438,357.96317
26,34,185.34177,367.29077
26,35,185.71263,376.03473
26,36,186.36668,388.1594
26,37,186.79965,396.12997
26,38,186.57689,408.1725
26,39,186.75351,418.71576
26,40,186.5904,429.6542
26,41,186.83948,439.3351
26,42,187.61588,453.25665
26,43,186.59068,460.65915
26,44,186.35938,470.65527
27,0,191.11012,19.333014
27,1,187.65921,29.868715
27,2,190.00302,39.954136
27,3,190.48088,49.938236
27,4,191.85252,60.50652
27,5,192.2162,70.42251
27,6,187.43195,80.670975
27,7,194.8401,97.19708
27,8,196.03467,95.69245
27,9,191.85307,110.748116
27,10,188.59245,117.86993
27,11,194.59953,132.54169
27,12,192.61362,147.96156
27,13,193.59944,157.22612
27,14,194.29684,166.75494
27,15,195.2575,174.62962
27,16,192.9896,183.9025
27,17,192.60138,195.42279
27,18,194.35043,205.18175
27,19,194.24239,215.18803
27,20,191.78189,228.06125
27,21,196.94023,238.41714
27,22,193.33722,245.8807
27,23,192.74043,254.14127
27,24,192.91313,266.35257
27,25,193.97112,276.8809
27,26,194.92528,285.72775
27,27,193.47229,297.4956
27,28,193.75397,307.6762
27,29,195.78297,322.81482
27,30,195.09032,327.04355
27,31,192.15887,337.5404
27,32,192.49693,348.27393
27,33,193.02945,365.83832
27,34,193.32466,367.8197
27,35,192.89542,377.07486
27,36,195.53899,388.53082
27,37,192.70332,393.52563
27,38,192.34657,407.86664
27,39,193.06863,420.03445
27,40,193.06676,431.59497
27,41,195.5574,439.21353
27,42,193.07501,450.04077
27,43,193.69952,463.1577
27,44,192.86896,470.8871
28,0,198.19548,19.968924
28,1,197.64954,29.926182
28,2,197.42741,40.484074
28,3,196.15465,48.705265
28,4,198.10388,58.403893
28,5,200.67297,70.5941
28,6,196.09245,85.9724
28,7,197.98257,90.37223
28,8,197.86095,99.473885
28,9,197.59387,110.882454
28,10,197.4786,120.93127
28,11,198.14989,132.49571
28,12,200.21144,143.38522
28,13,195.27866,151.90685
28,14,198.97343,167.55016
28,15,200.75319,174.49423
28,16,199.22598,178.38051
28,17,200.96005,194.72151
28,18,200.95422,204.62592
28,19,199.6985,214.72331
28,20,200.03456,224.65453
28,21,199.88957,236.5442
28,22,199.09683,245.3814
28,23,198.52582,254.67862
28,24,198.41364,264.43527
28,25,198.66606,276.54233
28,26,201.55069,285.3654
28,27,199.87262,297.97144
28,28,199.05551,307.21478
28,29,199.36882,316.57715
28,30,199.42905,327.28336
28,31,199.83269,338.79907
28,32,200.13362,353.49902
28,33,201.80217,364.2216
28,34,199.33994,368.467
28,35,199.26271,377.2957
28,36,199.7072,388.83307
28,37,199.05168,395.40295
28,38,194.72699,406.38098
28,39,199.4674,421.07767
28,40,197.62097,434.11942
28,41,198.43001,441.39294
28,42,198.54285,449.5136
28,43,199.0861,462.2289
28,44,199.66487,471.4475
29,0,204.86223,20.295332
29,1,204.63382,30.133764
29,2,204.61635,40.321854
29,3,204.59648,50.289307
29,4,204.52286,58.87843
29,5,204.29016,70.73051
29,6,204.80528,79.536446
29,7,205.01483,92.32106
29,8,205.43268,101.77107
29,9,205.14397,110.94596
29,10,203.2818,122.043015
29,11,203.033,130.73503
29,12,205.77576,145.03127
29,13,202.26237,154.87967
29,14,204.87625,165.0402
29,15,210.3903,175.77606
29,16,207.32143,188.91574
29,17,206.29211,196.69386
29,18,208.98257,208.43379
29,19,206.91193,214.95807
29,20,206.41957,229.80556
29,21,205.47147,235.08319
29,22,205.78784,245.54263
29,23,206.34808,258.58167
29,24,207.41568,263.5058
29,25,206.55484,267.69067
29,26,206.10979,286.67834
29,27,207.09688,298.56186
29,28,205.59491,306.19772
29,29,208.96426,313.93234
29,30,205.65614,326.24237
29,31,205.72719,337.5865
29,32,205.89713,348.42728
29,33,209.48227,360.14996
29,34,205.87524,368.72757
29,35,206.38048,377.5569
29,36,205.53996,385.85016
29,37,204.99524,402.4259
29,38,203.01373,403.9725
29,39,204.45386,419.77676
29,40,205.20917,427.9851
29,41,205.06412,439.27277
29,42,205.13065,449.70502
29,43,205.19379,460.7757
29,44,205.24646,471.55453
30,0,211.2998,23.946651
30,1,206.95274,29.737343
30,2,210.85698,39.994495
30,3,210.87756,47.995052
30,4,210.84038,60.089127
30,5,211.28473,70.2288
30,6,211.51884,82.57352
30,7,211.46649,90.946556
30,8,210.99963,101.620384
30,9,211.26814,111.04885
30,10,210.71735,122.45157
30,11,210.47035,136.379
30,12,209.73508,147.76231
30,13,210.03761,156.84753
30,14,211.04167,163.97923
30,15,213.6829,176.21507
30,16,212.0322,183.7545
30,17,212.74254,196.40514
30,18,212.3005,208.75508
30,19,213.00713,214.8007
30,20,213.1261,225.81133
30,21,209.845,234.23416
30,22,211.79857,245.66803
30,23,212.46513,259.39545
30,24,214.23235,267.08627
30,25,212.82727,274.70374
30,26,212.71204,286.01263
30,27,216.005,297.7379
30,28,212.71645,307.06006
30,29,212.18011,315.69467
30,30,212.1783,327.88754
30,31,213.079,336.48502
30,32,212.15375,348.5122
30,33,211.2949,357.24402
30,34,214.77742,369.40683
30,35,211.59526,377.97006
30,36,211.59712,388.2233
30,37,211.59337,397.62628
30,38,211.04659,407.77972
30,39,210.0848,419.8033
30,40,210.24895,427.3729
30,41,211.1575,439.33218
30,42,211.3914,449.78482
30,43,211.4669,460.64194
30,44,211.41687,471.20096
31,0,217.85078,20.959251
31,1,217.67914,30.103628
31,2,218.30301,40.052372
31,3,217.70828,47.718872
31,4,217.16327,59.759586
31,5,218.21385,70.48744
31,6,218.64667,79.13069
31,7,217.46297,87.92126
31,8,218.30644,100.229034
31,9,218.45856,111.1164
31,10,217.24693,122.26872
31,11,216.3677,132.10779
31,12,216.63339,144.95058
31,13,217.6731,155.84142
31,14,218.9706,162.5793
31,15,219.45113,175.53867
31,16,222.86577,187.3251
31,17,219.9017,195.27386
31,18,219.93803,205.68466
31,19,219.1025,214.81664
31,20,218.3216,225.82152
31,21,218.12967,230.46106
31,22,220.461,249.6105
31,23,219.40552,257.63892
31,24,219.30817,267.6081
31,25,218.92963,275.4543
31,26,219.31557,285.39392
31,27,221.06071,297.64624
31,28,218.83926,307.07077
31,29,218.18106,316.67993
31,30,217.48793,328.13483
31,31,217.79375,339.7983
31,32,217.88799,348.43027
31,33,218.05359,357.46283
31,34,218.11212,368.56134
31,35,218.24774,378.61084
31,36,218.21306,388.61005
31,37,217.15552,398.21973
31,38,217.82509,406.50412
31,39,216.9013,418.8063
31,40,217.50916,427.8183
31,41,217.78928,439.03384
31,42,217.93845,449.81387
31,43,218.0551,461.51767
31,44,218.17422,471.7178
32,0,224.20421,18.166279
32,1,223.8817,30.375252
32,2,223.52014,40.16448
32,3,223.53204,49.992527
32,4,224.04028,60.164055
32,5,223.9084,70.3415
32,6,223.30685,81.76756
32,7,225.33063,89.03045
32,8,224.63828,100.30005
32,9,225.76682,111.65377
32,10,224.18413,121.93911
32,11,224.22789,132.4464
32,12,222.76414,139.41017
32,13,221.71007,155.96815
32,14,229.69888,161.79895
32,15,227.37746,176.18184
32,16,233.8453,187.17334
32,17,227.17358,196.17953
32,18,224.54208,205.72987
32,19,226.02,216.62845
32,20,225.82115,227.00111
32,21,225.1365,234.35966
32,22,223.09584,246.91052
32,23,224.01305,256.51245
32,24,222.4347,269.55417
32,25,225.15471,276.56882
32,26,225.06741,285.56564
32,27,224.68051,301.72095
32,28,223.24362,311.4664
32,29,225.01071,316.64703
32,30,228.52992,323.0225
32,31,224.537,333.68362
32,32,224.0084,351.9673
32,33,225.3996,357.76114
32,34,224.56429,368.2805
32,35,224.81062,379.0006
32,36,225.60101,388.92804
32,37,224.04485,399.28287
32,38,223.21835,409.69064
32,39,222.47264,418.68988
32,40,222.89261,425.65652
32,41,222.81142,438.8865
32,42,224.17073,449.74734
32,43,224.33899,461.12314
32,44,224.41293,471.09198
33,0,230.54277,16.231943
33,1,230.33867,30.19272
33,2,230.19499,40.1696
33,3,230.10696,50.574036
33,4,229.89311,60.442616
33,5,229.89343,70.52309
33,6,229.47224,80.85347
33,7,229.46841,89.53386
33,8,228.0003,100.07724
33,9,229.99603,111.64334
33,10,229.71472,121.56391
33,11,230.26752,131.84563
33,12,230.15866,143.91585
33,13,230.21318,156.06975
33,14,227.06177,166.11209
33,15,232.82625,177.56474
33,16,237.07864,192.45879
33,17,232.08931,201.56847
33,18,231.21686,201.69614
33,19,226.73888,214.92294
33,20,231.858,229.30013
33,21,232.06601,235.11855
33,22,231.55069,249.45442
33,23,231.23354,256.1373
33,24,230.97763,266.5343
33,25,231.7083,273.92935
33,26,230.82262,287.51102
33,27,229.619,302.5248
33,28,231.55576,308.47217
33,29,230.64908,316.2622
33,30,230.25111,327.47302
33,31,230.98431,337.2534
33,32,231.10922,348.23813
33,33,232.08572,361.06522
33,34,231.14511,368.26367
33,35,231.0125,379.09073
33,36,230.81879,389.2356
33,37,229.83858,399.13232
33,38,230.31029,407.93805
33,39,229.3054,418.62585
33,40,229.96184,430.81674
33,41,230.49977,439.29306
33,42,230.70413,449.60092
33,43,230.77898,460.19415
33,44,230.81775,470.43616
34,0,236.31812,15.887237
34,1,236.60431,29.86094
34,2,236.62459,40.425808
34,3,236.4016,50.72243
34,4,236.22372,60.550484
34,5,236.35767,70.723305
34,6,238.74792,79.665726
34,7,236.5903,89.61502
34,8,236.55551,99.65199
34,9,236.46942,111.186035
34,10,235.85635,122.560936
34,11,235.63394,132.82648
34,12,235.70108,143.13475
34,13,237.3375,159.48817
34,14,236.65184,171.37181
34,15,236.59749,171.90434
34,16,239.19566,192.253
34,17,240.11815,199.28976
34,18,239.19006,206.42258
34,19,237.84787,218.14993
34,20,238.933,226.47989
34,21,238.6576,235.09474
34,22,236.70831,247.3524
34,23,238.34567,256.3233
34,24,237.70598,267.2117
34,25,236.57191,275.6675
34,26,236.9034,286.7247
34,27,237.1789,298.1796
34,28,237.22775,308.33817
34,29,237.29445,316.93686
34,30,236.89151,332.28326
34,31,237.95433,338.1874
34,32,237.98766,348.45996
34,33,238.47643,359.11322
34,34,238.15648,368.37595
34,35,237.68837,379.31796
34,36,235.85208,396.20502
34,37,238.01112,400.08813
34,38,237.16841,407.25677
34,39,236.73357,418.7149
34,40,236.54427,429.49234
34,41,237.0283,439.08005
34,42,237.23952,449.44806
34,43,237.27283,459.90625
34,44,237.27496,470.1544
35,0,242.9438,16.6915
35,1,243.0129,29.423903
35,2,242.9912,40.40594
35,3,241.60324,51.430862
35,4,242.77585,60.60334
35,5,242.68542,70.821526
35,6,242.45724,81.194016
35,7,242.51753,87.90124
35,8,244.31638,96.37673
35,9,245.16585,111.976616
35,10,243.32779,122.816216
35,11,245.07512,143.43027
35,12,245.52626,143.23364
35,13,242.97925,156.45174
35,14,242.92618,168.27203
35,15,244.69257,179.23862
35,16,245.55946,190.72034
35,17,251.06134,194.83322
35,18,250.23573,206.93698
35,19,241.10672,214.87447
35,20,245.42726,223.80751
35,21,243.75775,235.12883
35,22,244.08444,250.06944
35,23,242.84972,257.65967
35,24,243.4448,266.65088
35,25,243.84975,276.72113
35,26,243.88821,286.4385
35,27,244.04156,297.76642
35,28,244.10999,305.4335
35,29,244.06487,317.38937
35,30,243.97746,328.35516
35,31,244.62923,339.15518
35,32,244.54276,349.01877
35,33,244.5373,357.33173
35,34,244.07733,368.52698
35,35,243.79294,379.73123
35,36,241.9387,394.73862
35,37,243.26826,399.88828
35,38,242.24812,407.34824
35,39,243.29617,418.96426
35,40,243.46127,428.90158
35,41,243.64551,439.05817
35,42,243.68678,449.31696
35,43,243.66101,459.75006
35,44,243.61652,469.94815
36,0,249.63536,19.142677
36,1,249.04945,29.043077
36,2,249.36234,40.09236
36,3,249.43117,51.51041
36,4,249.45972,60.59983
36,5,249.43965,70.905136
36,6,249.57056,81.20203
36,7,249.71022,89.8166
36,8,251.52684,100.45473
36,9,249.54623,112.0892
36,10,249.6418,122.874435
36,11,250.60454,133.52263
36,12,249.38461,143.25102
36,13,248.91785,154.91632
36,14,246.51178,165.0107
36,15,248.56053,176.1476
36,16,250.58002,186.77359
36,17,254.98486,195.70201
36,18,253.10625,206.51962
36,19,250.36795,214.05441
36,20,251.10063,223.56673
36,21,251.6096,234.37099
36,22,252.77098,247.00932
36,23,249.47624,254.91031
36,24,250.02911,265.80804
36,25,250.2496,275.84528
36,26,250.3709,286.49603
36,27,250.32439,298.27625
36,28,249.1123,307.84314
36,29,249.02881,317.77548
36,30,250.04898,328.28363
36,31,250.26324,338.5688
36,32,250.44392,348.9893
36,33,250.48389,357.59772
36,34,250.36446,368.60077
36,35,250.25543,379.806
36,36,249.23233,390.4041
36,37,249.98831,399.6064
36,38,249.91542,409.2386
36,39,250.25995,419.39377
36,40,250.40416,428.86758
36,41,250.6001,439.25342
36,42,250.29893,449.28543
36,43,250.12405,459.69614
36,44,250.14116,469.83582
37,0,256.23514,19.180496
37,1,255.88254,29.369219
37,2,255.90302,39.752857
37,3,255.9052,46.00396
37,4,256.0313,60.59129
37,5,255.78671,70.983604
37,6,256.6853,80.81975
37,7,256.70905,89.90337
37,8,256.37256,100.761856
37,9,256.27072,111.98293
37,10,256.40216,122.89101
37,11,257.38754,129.85014
37,12,255.75037,143.08371
37,13,255.60925,154.44774
37,14,255.41768,163.83725
37,15,256.53558,176.83261
37,16,257.41528,184.86229
37,17,260.62717,199.77611
37,18,258.6557,202.40169
37,19,257.15823,214.5636
37,20,255.86868,223.10486
37,21,255.38445,231.57967
37,22,257.82047,248.65808
37,23,256.7143,258.58087
37,24,256.08755,264.5362
37,25,256.67642,275.47864
37,26,256.73352,286.77917
37,27,257.45544,301.0003
37,28,256.8375,308.12112
37,29,256.70764,318.5264
37,30,257.32172,329.1656
37,31,256.85947,338.57764
37,32,257.2888,349.57645
37,33,257.24774,358.2824
37,34,256.89725,368.8799
37,35,256.69974,380.7697
37,36,256.53497,390.9169
37,37,256.44415,400.2811
37,38,256.67267,410.08707
37,39,257.1507,419.75583
37,40,255.23215,429.48175
37,41,256.5599,440.87958
37,42,256.46765,449.98154
37,43,256.37686,460.26117
37,44,256.19064,470.13828
38,0,261.94034,20.698689
38,1,262.41998,29.00236
38,2,262.31232,39.25091
38,3,262.19342,51.367577
38,4,261.16238,60.57635
38,5,261.8265,70.981804
38,6,260.79465,79.95434
38,7,263.85544,85.319496
38,8,262.59796,99.66715
38,9,263.99823,109.84798
38,10,262.3897,122.73648
38,11,262.33658,132.67268
38,12,262.52112,142.89653
38,13,262.43024,155.29375
38,14,261.85684,163.5674
38,15,262.6073,173.80008
38,16,264.77618,185.8514
38,17,264.2039,195.58855
38,18,266.73648,212.81062
38,19,264.36633,215.85815
38,20,262.65564,227.24652
38,21,262.55515,235.8616
38,22,262.5004,244.71716
38,23,261.84937,254.32175
38,24,262.61514,264.2004
38,25,262.70245,275.4321
38,26,262.80612,285.99332
38,27,262.97433,297.5461
38,28,265.54105,307.6352
38,29,263.0213,318.45047
38,30,262.96292,327.54196
38,31,263.09567,338.21625
38,32,263.24976,348.69275
38,33,263.2633,357.91635
38,34,263.28107,368.72858
38,35,263.2473,379.9362
38,36,264.30722,389.50677
38,37,263.3178,400.6563
38,38,262.68832,410.69244
38,39,263.42792,419.20258
38,40,263.1307,432.12125
38,41,263.39285,440.78918
38,42,266.407,449.96515
38,43,262.84814,460.79184
38,44,262.58575,475.05948
39,0,268.44547,19.06273
39,1,268.30267,27.92937
39,2,268.86682,39.76705
39,3,269.09436,51.080475
39,4,269.2226,60.47528
39,5,269.1705,70.82969
39,6,269.2455,80.33964
39,7,269.32306,89.6673
39,8,269.26846,100.90868
39,9,269.1303,111.83211
39,10,269.03906,122.56651
39,11,269.14127,132.11209
39,12,269.6141,142.51617
39,13,268.56592,156.26895
39,14,272.7086,160.55734
39,15,272.1327,173.14319
39,16,269.1549,183.43515
39,17,269.28616,192.21906
39,18,266.32385,203.27727
39,19,268.96146,214.56831
39,20,268.82938,225.0084
39,21,268.65506,237.36282
39,22,271.37198,244.59245
39,23,269.84482,254.79414
39,24,269.43787,264.85922
39,25,268.73032,275.7167
39,26,268.8277,285.07364
39,27,268.70547,295.50302
39,28,269.36166,307.38922
39,29,269.47467,317.9826
39,30,269.0593,327.90826
39,31,269.40833,337.08713
39,32,270.01447,346.69214
39,33,269.57123,357.80093
39,34,269.5511,368.63925
39,35,269.32275,379.4631
39,36,269.1843,389.38745
39,37,269.44156,400.96838
39,38,268.84756,410.1989
39,39,269.3399,419.7566
39,40,268.38657,426.4243
39,41,269.1695,439.79376
39,42,269.26422,448.80212
39,43,271.18277,455.96335
39,44,269.39923,469.06558
40,0,275.10532,19.570816
40,1,274.35065,27.83708
40,2,274.59244,38.475376
40,3,275.53363,51.04541
40,4,276.18762,60.361473
40,5,275.79263,70.629425
40,6,274.7175,76.850815
40,7,275.8434,90.4134
40,8,275.6454,101.423035
40,9,272.5195,113.41966
40,10,274.5388,122.490036
40,11,274.85052,132.02275
40,12,275.0676,142.32715
40,13,274.87854,154.24594
40,14,275.19458,160.88419
40,15,276.2681,170.67107
40,16,275.7979,184.84161
40,17,276.15936,195.39368
40,18,274.93817,210.81725
40,19,275.16095,213.33247
40,20,274.98117,225.16206
40,21,274.1215,236.29007
40,22,275.19708,244.34727
40,23,277.20502,253.22253
40,24,276.0405,265.15558
40,25,274.5255,276.51855
40,26,274.78882,284.82504
40,27,276.7777,300.8844
40,28,276.3925,308.65555
40,29,275.78186,318.36542
40,30,275.75537,327.2851
40,31,275.91116,336.82886
40,32,276.05356,345.7516
40,33,276.10297,357.93402
40,34,276.2894,369.03845
40,35,276.68683,380.25766
40,36,276.14832,389.08832
40,37,276.00354,400.6169
40,38,277.4695,409.14163
40,39,276.3383,418.78827
40,40,275.60483,427.81174
40,41,274.6138,435.83047
40,42,277.18304,446.82654
40,43,275.76328,458.53555
40,44,275.75278,469.41626
41,0,281.57074,19.774113
41,1,281.3534,30.121449
41,2,281.28757,39.80051
41,3,279.5578,51.035686
41,4,281.80475,60.3628
41,5,282.51358,70.31147
41,6,282.59296,78.70149
41,7,282.75507,90.51732
41,8,282.87088,99.325066
41,9,281.88776,110.27212
41,10,281.73895,122.30405
41,11,281.09955,132.36061
41,12,281.51025,142.44862
41,13,281.5969,152.50519
41,14,281.02765,161.10951
41,15,282.6063,170.31075
41,16,284.84158,184.4096
41,17,281.8229,192.31767
41,18,279.00027,209.58531
41,19,280.9147,216.2905
41,20,281.52496,225.5131
41,21,281.47687,233.57407
41,22,285.0556,244.05061
41,23,285.19904,257.508
41,24,282.41348,265.6237
41,25,281.9083,278.31012
41,26,281.62122,283.51443
41,27,278.38516,296.67822
41,28,281.47092,307.95148
41,29,282.20035,317.28076
41,30,282.29498,326.84406
41,31,282.39865,336.48978
41,32,283.09232,349.1691
41,33,282.5966,358.28894
41,34,283.26498,371.6203
41,35,282.98328,380.65295
41,36,282.91644,389.3005
41,37,282.69522,401.3866
41,38,282.50443,408.82886
41,39,282.47766,414.0265
41,40,282.197,428.72122
41,41,281.69327,438.96323
41,42,281.74893,448.65768
41,43,282.04193,458.867
41,44,282.0993,469.54916
42,0,288.0328,20.244577
42,1,287.8477,30.429638
42,2,285.7888,39.986282
42,3,287.88342,50.600677
42,4,288.43115,60.605064
42,5,288.34192,70.08698
42,6,288.83072,78.24797
42,7,288.8775,90.771996
42,8,288.71503,99.76075
42,9,288.2616,109.86112
42,10,288.81595,121.36364
42,11,287.65216,132.69238
42,12,287.79517,142.18858
42,13,288.2104,151.61328
42,14,286.58224,169.55907
42,15,290.25943,167.30357
42,16,290.39832,176.58722
42,17,288.53485,184.79022
42,18,284.68756,205.64206
42,19,290.25,214.31705
42,20,286.97928,224.70079
42,21,284.8466,233.5982
42,22,289.5037,236.57005
42,23,290.10617,258.6281
42,24,289.181,267.46457
42,25,288.60007,278.47116
42,26,288.01923,286.04025
42,27,287.80948,296.04358
42,28,288.30518,306.32095
42,29,289.10324,317.65207
42,30,288.79123,326.52548
42,31,288.5616,335.0899
42,32,288.541,349.2221
42,33,288.48795,359.38773
42,34,285.71033,374.93103
42,35,293.19208,380.7355
42,36,290.11026,389.86465
42,37,289.03098,401.14984
42,38,289.68707,408.57068
42,39,289.4822,419.19073
42,40,289.02063,429.30664
42,41,288.68127,439.53958
42,42,288.70615,449.43097
42,43,288.5368,459.0238
42,44,288.42606,469.5987
43,0,293.8343,21.013363
43,1,294.03232,30.481178
43,2,294.09482,40.287556
43,3,294.4766,50.578808
43,4,295.09274,61.015144
43,5,292.99185,68.61938
43,6,295.4622,79.722664
43,7,296.09927,91.271645
43,8,298.65155,98.64596
43,9,295.304,109.911
43,10,295.32956,120.35022
43,11,294.68344,135.27458
43,12,293.57803,140.63249
43,13,295.9335,150.42937
43,14,295.1907,163.81413
43,15,295.34766,170.49545
43,16,298.3233,178.66966
43,17,296.523,193.10043
43,18,294.00394,205.0003
43,19,294.1445,214.88846
43,20,294.1691,220.18251
43,21,293.16388,230.45438
43,22,292.4574,240.88176
43,23,291.45267,261.98843
43,24,294.4911,267.89685
43,25,295.31125,276.95395
43,26,294.79224,287.09955
43,27,294.50708,298.34848
43,28,293.45792,305.44672
43,29,295.14868,316.74585
43,30,295.2733,326.33966
43,31,291.7055,331.8796
43,32,294.3463,348.36508
43,33,295.0125,358.8918
43,34,294.85583,370.93622
43,35,296.34247,380.96527
43,36,299.91858,395.91724
43,37,296.57782,399.16162
43,38,296.08447,408.66638
43,39,297.61136,421.25485
43,40,295.9452,429.70016
43,41,295.4761,439.79736
43,42,296.25616,449.3501
43,43,295.10574,459.1206
43,44,294.88138,469.61472
44,0,299.9094,21.176277
44,1,300.3276,30.43448
44,2,300.7349,40.384655
44,3,301.03214,50.88609
44,4,301.6149,61.620266
44,5,303.06766,70.23426
44,6,302.15356,80.22839
44,7,301.7542,91.5966
44,8,302.4366,100.86372
44,9,302.31616,109.50788
44,10,302.8207,120.28402
44,11,301.48965,130.34692
44,12,301.33582,141.12807
44,13,301.27808,154.0093
44,14,301.8349,167.33614
44,15,301.0723,169.83458
44,16,301.98022,183.36917
44,17,299.77438,193.1855
44,18,300.5484,202.17851
44,19,300.57986,214.15459
44,20,299.8332,224.02013
44,21,298.6239,232.77138
44,22,299.03903,247.1617
44,23,298.95,258.02252
44,24,299.95792,266.42233
44,25,300.54095,275.86862
44,26,300.82806,283.0899
44,27,301.5502,295.35318
44,28,301.1782,305.4555
44,29,301.76514,316.27316
44,30,301.0438,325.80344
44,31,299.9177,334.549
44,32,301.2012,348.90527
44,33,301.0951,358.5323
44,34,300.50708,369.03668
44,35,301.7763,381.18048
44,36,302.5591,391.88113
44,37,302.95795,399.70508
44,38,303.31787,408.76962
44,39,303.21768,420.31387
44,40,302.81766,430.11017
44,41,302.2609,439.82812
44,42,302.6441,450.21878
44,43,301.7072,459.19836
44,44,301.4681,469.61456
45,0,306.29102,20.578657
45,1,306.7217,30.408766
45,2,307.20114,40.439644
45,3,307.5376,51.08533
45,4,307.9956,62.250946
45,5,308.9905,65.86571
45,6,308.6587,81.500534
45,7,308.59012,91.243935
45,8,312.47467,100.50179
45,9,309.8356,106.564285
45,10,309.28177,118.82818
45,11,308.72687,126.89035
45,12,307.4284,140.0303
45,13,305.97476,155.93205
45,14,306.26926,161.34125
45,15,304.65814,173.37193
45,16,305.71356,185.72537
45,17,305.03577,188.71165
45,18,306.63516,204.15506
45,19,305.98965,214.00262
45,20,306.3735,224.397
45,21,305.68967,234.03036
45,22,307.75128,248.47336
45,23,305.17853,256.15097
45,24,306.82645,268.32986
45,25,306.05402,274.03577
45,26,305.68512,277.89767
45,27,306.05875,294.34183
45,28,306.13327,300.85486
45,29,307.80103,316.95273
45,30,307.69037,326.20398
45,31,307.48978,338.2247
45,32,307.77484,346.3109
45,33,307.92084,357.76865
45,34,308.12134,368.26718
45,35,308.26306,378.6105
45,36,308.9903,391.75388
45,37,309.06485,400.06082
45,38,309.21597,408.76443
45,39,308.82425,420.2598
45,40,311.34332,430.15237
45,41,307.91238,439.68
45,42,307.5185,449.59323
45,43,307.5058,459.15195
45,44,307.65378,469.60638
46,0,313.30057,20.540874
46,1,313.54932,30.444849
46,2,313.6616,40.462593
46,3,313.78973,51.175774
46,4,314.06665,63.32472
46,5,315.24304,72.05421
46,6,314.2626,81.57994
46,7,315.04202,90.23981
46,8,315.5284,99.87405
46,9,316.7905,107.865265
46,10,314.78915,118.918434
46,11,311.79962,127.689255
46,12,314.313,138.24266
46,13,316.02402,154.39021
46,14,311.90225,159.69939
46,15,310.73825,174.93933
46,16,312.50342,185.96576
46,17,312.28925,197.65012
46,18,311.0398,205.22499
46,19,309.20566,217.38419
46,20,311.65707,223.40115
46,21,312.4437,233.74469
46,22,313.28268,246.1449
46,23,312.3001,255.63667
46,24,312.41843,265.21823
46,25,312.21948,273.62125
46,26,311.69598,284.43405
46,27,312.50476,293.31558
46,28,313.09912,302.98584
46,29,315.0281,325.044
46,30,315.2102,325.75525
46,31,313.22812,337.19525
46,32,314.05826,346.45
46,33,312.5333,353.7564
46,34,315.51443,367.77563
46,35,315.1983,378.08615
46,36,315.9818,392.69427
46,37,316.64133,402.6501
46,38,319.54715,408.5792
46,39,316.44415,422.28387
46,40,315.33215,430.63556
46,41,314.60233,439.54016
46,42,314.2372,449.0503
46,43,314.12378,459.2705
46,44,314.12985,469.5975
47,0,319.9067,20.435942
47,1,320.00214,30.52364
47,2,320.03366,40.456795
47,3,319.95938,51.13852
47,4,319.30225,61.701996
47,5,320.85696,67.48253
47,6,321.59808,78.57293
47,7,322.34805,88.101494
47,8,323.24234,94.91041
47,9,324.8129,106.03725
47,10,322.9779,117.8279
47,11,320.5709,126.83568
47,12,317.7295,131.24269
47,13,321.40332,145.00732
47,14,321.57034,158.47635
47,15,318.26196,171.12506
47,16,316.3595,185.9797
47,17,318.68332,195.96524
47,18,319.78918,207.91336
47,19,319.15222,212.63387
47,20,318.89777,222.02748
47,21,318.9688,233.42567
47,22,317.63535,245.5539
47,23,318.98697,253.75853
47,24,319.19604,264.15408
47,25,319.14212,274.3079
47,26,318.72256,284.6648
47,27,317.44968,293.9854
47,28,317.75226,303.8186
47,29,318.8513,314.93106
47,30,320.9091,327.15775
47,31,321.5613,338.90802
47,32,319.76346,345.9042
47,33,320.20398,357.08154
47,34,321.42102,368.29968
47,35,322.03204,376.0741
47,36,322.43347,389.87488
47,37,322.45374,403.73907
47,38,323.19653,410.52704
47,39,322.65485,423.4345
47,40,321.38354,430.5871
47,41,321.0765,439.4405
47,42,320.81186,448.56555
47,43,320.6039,459.2761
47,44,320.55865,469.59488
48,0,324.83698,20.78438
48,1,326.23776,30.360306
48,2,326.35773,40.506207
48,3,325.95267,51.054714
48,4,326.5835,60.77753
48,5,330.76312,72.07868
48,6,329.60773,75.89473
48,7,328.5207,83.825676
48,8,328.96848,88.6374
48,9,326.45938,105.975204
48,10,326.897,117.0418
48,11,326.01132,126.67843
48,12,324.4097,134.36569
48,13,325.54126,158.51866
48,14,323.79776,156.48535
48,15,324.64722,167.0025
48,16,324.09406,185.85783
48,17,327.50732,200.90666
48,18,325.3131,204.73404
48,19,326.106,212.96141
48,20,324.59332,222.06004
48,21,325.54,233.03983
48,22,323.82706,244.35883
48,23,324.63495,252.39003
48,24,324.92328,264.2244
48,25,324.97653,274.13568
48,26,325.13812,284.392
48,27,325.1592,293.84116
48,28,324.9392,304.78256
48,29,324.17828,313.2462
48,30,325.29965,326.28745
48,31,326.29257,336.78177
48,32,326.43933,347.0537
48,33,327.23096,352.52133
48,34,326.75287,368.01328
48,35,326.4661,375.88858
48,36,327.0416,392.10947
48,37,327.55728,401.17346
48,38,328.55054,412.8142
48,39,328.04068,422.66815
48,40,328.5486,431.2202
48,41,327.40808,439.41397
48,42,326.85028,448.68918
48,43,326.82407,459.32907
48,44,326.79837,469.60263
49,0,332.17117,20.180777
49,1,331.3382,25.01779
49,2,332.57114,40.490852
49,3,333.00458,51.06458
49,4,333.31848,60.847034
49,5,333.80576,71.46031
49,6,333.11288,78.554726
49,7,338.5182,79.35519
49,8,331.39807,84.78056
49,9,335.3279,98.27394
49,10,337.84763,122.74793
49,11,333.32373,128.89673
49,12,333.79953,141.03554
49,13,338.32266,153.03752
49,14,335.30853,163.90392
49,15,330.45004,168.886
49,16,332.2003,185.464
49,17,332.22128,191.7848
49,18,331.93024,203.33853
49,19,331.76343,213.1202
49,20,332.0113,223.25456
49,21,333.3144,234.3105
49,22,333.37323,241.82014
49,23,332.89813,252.89516
49,24,332.70517,264.67215
49,25,333.23865,273.97415
49,26,332.56512,283.72888
49,27,332.5685,292.9083
49,28,332.39886,305.50375
49,29,331.366,315.33276
49,30,332.11798,326.11386
49,31,332.44727,337.12766
49,32,336.0054,351.41144
49,33,331.55237,354.37122
49,34,332.185,367.9249
49,35,331.8361,376.19
49,36,332.35944,387.2193
49,37,333.12936,400.34442
49,38,334.30048,415.9267
49,39,333.06152,421.88757
49,40,333.42,430.48416
49,41,329.9812,439.52072
49,42,333.44226,448.68533
49,43,333.51324,457.9605
49,44,333.13574,469.61987
50,0,338.4565,19.275434
50,1,338.55188,25.827143
50,2,339.10217,40.4414
50,3,339.51685,51.25647
50,4,339.84015,61.11303
50,5,340.79028,72.44544
50,6,342.65454,77.14545
50,7,337.0717,84.758224
50,8,337.22556,94.40389
50,9,341.12277,99.30572
50,10,339.9822,118.31291
50,11,339.9272,128.99742
50,12,343.0276,141.08643
50,13,340.21796,156.7869
50,14,339.7063,163.59178
50,15,336.67273,176.88704
50,16,338.04086,184.88695
50,17,339.2185,195.39322
50,18,339.41486,203.40976
50,19,341.23764,213.87523
50,20,340.92728,224.16031
50,21,340.09265,235.23558
50,22,339.57584,242.36131
50,23,338.80798,253.41624
50,24,339.00528,265.5213
50,25,338.7339,275.3362
50,26,337.8507,281.4762
50,27,337.65668,293.32925
50,28,337.78378,307.05075
50,29,337.76877,316.46207
50,30,338.78876,326.90836
50,31,339.0106,337.81674
50,32,338.8862,347.8384
50,33,338.14417,356.84866
50,34,338.7365,367.81705
50,35,337.99503,377.8457
50,36,339.52927,387.77304
50,37,339.5415,399.89813
50,38,338.43625,412.20056
50,39,341.43954,423.98587
50,40,342.0891,431.99893
50,41,346.2169,440.12494
50,42,339.25034,445.94943
50,43,337.70163,456.86792
50,44,339.37415,469.64142
51,0,345.17245,18.616972
51,1,343.20993,29.158262
51,2,345.29886,40.34872
51,3,345.2763,51.415127
51,4,345.4045,61.30473
51,5,345.64395,72.08896
51,6,345.0689,78.344894
51,7,345.23898,89.701195
51,8,344.69214,93.217224
51,9,345.0077,107.74567
51,10,344.80243,121.24642
51,11,345.65366,136.9974
51,12,345.77875,142.61124
51,13,348.99554,156.64865
51,14,344.6911,161.34607
51,15,347.3636,177.88568
51,16,347.2197,184.3015
51,17,346.66174,196.69873
51,18,346.04517,202.49048
51,19,347.31583,214.35619
51,20,346.33337,223.24217
51,21,346.6152,235.01938
51,22,344.64285,237.98515
51,23,349.16022,256.70355
51,24,346.9236,266.36746
51,25,345.90546,272.97855
51,26,345.14725,284.83112
51,27,344.90952,294.7736
51,28,344.70474,305.73633
51,29,343.85327,316.46927
51,30,343.8319,326.6685
51,31,344.652,341.38434
51,32,341.86124,344.82544
51,33,346.18857,356.48166
51,34,345.72147,367.67566
51,35,344.07565,376.6469
51,36,346.7676,388.12653
51,37,346.40717,399.45975
51,38,346.82086,408.72534
51,39,345.9792,426.9023
51,40,348.90228,431.9482
51,41,347.7211,441.086
51,42,345.11343,456.3114
51,43,346.61426,460.3462
51,44,345.73114,469.6655
52,0,350.35693,14.890948
52,1,351.93652,30.421453
52,2,352.3842,40.16538
52,3,352.82416,50.750385
52,4,353.15182,61.981556
52,5,353.04932,70.226295
52,6,352.74445,80.19227
52,7,352.65686,90.24058
52,8,351.3709,97.76017
52,9,351.39584,110.035995
52,10,350.5129,120.1922
52,11,351.0587,132.56415
52,12,351.93475,146.0632
52,13,351.00287,151.4015
52,14,351.4194,162.29172
52,15,352.1047,173.42451
52,16,352.42023,183.5333
52,17,352.35156,194.29851
52,18,353.5502,202.1841
52,19,352.69147,212.87595
52,20,351.89514,223.89415
52,21,351.25784,235.49054
52,22,352.78748,244.1296
52,23,351.4526,256.3198
52,24,350.42245,266.6138
52,25,351.6512,272.294
52,26,352.8224,285.0507
52,27,352.3669,294.5508
52,28,351.76514,305.1761
52,29,351.50485,315.89447
52,30,351.47473,323.00464
52,31,350.9338,338.17383
52,32,349.17792,349.69525
52,33,351.117,356.41592
52,34,351.96136,368.00272
52,35,352.24835,380.06635
52,36,352.1837,388.61108
52,37,352.38693,399.13525
52,38,352.68323,409.98056
52,39,354.00186,428.6429
52,40,354.6259,433.3886
52,41,358.69574,447.4712
52,42,351.9785,458.38162
52,43,353.70782,465.05862
52,44,352.42984,469.68994
53,0,358.5372,19.64039
53,1,358.441,30.330338
53,2,358.77646,39.7665
53,3,359.88004,47.661858
53,4,359.6689,59.58537
53,5,359.70187,69.137596
53,6,359.32196,81.10072
53,7,359.24326,92.990616
53,8,358.62204,99.520004
53,9,357.93283,110.23736
53,10,357.65784,121.35188
53,11,356.71628,130.31227
53,12,357.51025,145.28497
53,13,353.93964,154.5179
53,14,358.30145,163.1896
53,15,358.89874,170.69194
53,16,359.47006,182.57547
53,17,359.88052,192.86652
53,18,359.3599,201.89304
53,19,358.94562,212.82498
53,20,358.664,224.11395
53,21,358.4739,235.1325
53,22,359.09384,245.9724
53,23,358.4408,255.50249
53,24,351.19794,266.06815
53,25,354.45355,270.69775
53,26,358.55066,284.1296
53,27,360.80142,295.09152
53,28,358.6044,305.20572
53,29,357.9476,315.82666
53,30,356.42694,325.81717
53,31,358.34424,337.87192
53,32,357.62442,347.12698
53,33,357.6617,356.16986
53,34,358.3005,367.8861
53,35,358.96985,378.52753
53,36,358.7461,388.29294
53,37,358.8205,399.06052
53,38,358.99063,409.80215
53,39,359.343,421.43524
53,40,360.3309,433.12726
53,41,364.43576,448.39752
53,42,357.35504,456.7296
53,43,356.75305,460.2425
53,44,358.5339,469.7114
54,0,365.40372,17.657127
54,1,365.5257,30.37493
54,2,365.68246,39.85725
54,3,365.63293,49.663986
54,4,365.55295,57.026848
54,5,365.49908,69.79028
54,6,365.36865,79.76393
54,7,365.0319,91.427155
54,8,364.60196,99.980385
54,9,364.2771,110.964775
54,10,364.28174,121.49862
54,11,358.52814,133.92009
54,12,364.33563,141.66464
54,13,363.8197,154.52798
54,14,364.4793,164.51128
54,15,361.97086,170.53212
54,16,365.1827,184.18196
54,17,364.9317,192.48637
54,18,365.3769,201.63431
54,19,365.105,213.38393
54,20,365.10297,224.17368
54,21,364.80905,235.20724
54,22,364.96075,246.5468
54,23,365.9005,256.77396
54,24,365.00156,266.03842
54,25,364.70157,271.90204
54,26,364.57706,284.46793
54,27,363.7857,294.1407
54,28,364.81732,304.5191
54,29,364.28946,315.46393
54,30,364.45212,325.6281
54,31,364.82645,337.0829
54,32,364.7175,346.9766
54,33,364.6056,356.80798
54,34,364.86536,367.72467
54,35,366.12494,378.29767
54,36,365.60373,388.77304
54,37,365.07343,399.22638
54,38,365.15198,409.9109
54,39,365.5082,421.1902
54,40,366.76334,434.1594
54,41,365.02744,444.1258
54,42,365.06876,451.0559
54,43,364.91202,460.42813
54,44,364.89758,469.73404
55,0,371.96936,19.735336
55,1,372.25797,30.769768
55,2,373.17172,39.527138
55,3,372.22943,49.32442
55,4,371.93158,59.55067
55,5,371.76297,70.114914
55,6,370.88025,77.63893
55,7,371.19437,91.667786
55,8,370.8469,100.57848
55,9,369.81335,111.549835
55,10,370.5053,121.226
55,11,369.55862,133.71042
55,12,369.31897,138.78801
55,13,371.17212,153.88902
55,14,371.11148,163.55083
55,15,370.44473,171.03122
55,16,370.97485,184.42542
55,17,371.41806,193.53653
55,18,371.2662,202.13069
55,19,371.47302,214.22762
55,20,371.46375,224.0928
55,21,371.39096,235.34612
55,22,371.25726,245.91759
55,23,371.6491,255.72867
55,24,372.30463,261.12274
55,25,372.15564,273.1241
55,26,370.79388,284.4034
55,27,370.41153,293.30502
55,28,370.63364,304.36374
55,29,371.69586,314.9439
55,30,371.4422,325.20023
55,31,371.88568,337.24994
55,32,371.41324,347.18387
55,33,371.32333,357.07666
55,34,371.37982,367.89926
55,35,371.44,378.31494
55,36,371.68472,389.69586
55,37,373.82028,401.3583
55,38,373.2351,413.7257
55,39,370.14374,421.7938
55,40,371.15378,433.16748
55,41,374.51447,449.17502
55,42,368.3084,462.55045
55,43,371.0243,460.09116
55,44,370.39862,469.75507
56,0,378.39,19.40376
56,1,378.3797,30.120865
56,2,379.2322,38.943703
56,3,378.61002,49.149616
56,4,378.25952,59.746696
56,5,379.00165,70.34998
56,6,379.2292,79.579185
56,7,376.90118,91.66775
56,8,377.24307,101.055466
56,9,376.98642,112.13343
56,10,376.98926,121.186615
56,11,376.97244,133.13435
56,12,376.5941,142.73218
56,13,377.24835,151.73616
56,14,377.49155,163.56612
56,15,377.1316,166.44978
56,16,377.33035,183.99434
56,17,376.83948,193.9331
56,18,376.60205,201.92805
56,19,377.4278,215.65617
56,20,377.86737,224.3811
56,21,378.13513,235.33823
56,22,377.52042,245.57462
56,23,377.4866,255.00307
56,24,377.56345,267.66388
56,25,376.98984,274.0607
56,26,375.11575,284.5589
56,27,374.8852,292.39832
56,28,376.85275,304.81027
56,29,377.47952,315.83
56,30,380.48145,326.56223
56,31,379.9373,336.77856
56,32,377.91135,347.71948
56,33,378.0109,357.28397
56,34,378.80698,370.50754
56,35,378.12878,378.67014
56,36,377.97333,388.4182
56,37,377.93274,399.10983
56,38,377.924,410.47662
56,39,377.926,421.69547
56,40,377.7826,439.14877
56,41,377.1731,449.8304
56,42,378.27167,450.00732
56,43,378.12393,461.30884
56,44,378.02856,469.78268
57,0,385.0602,18.763544
57,1,384.79587,28.97395
57,2,386.29227,34.734093
57,3,384.97375,48.960453
57,4,384.56793,59.667534
57,5,384.1507,70.42857
57,6,383.60068,82.02358
57,7,384.1637,90.554375
57,8,384.04205,101.37541
57,9,384.22668,113.594444
57,10,383.65784,121.803246
57,11,383.6422,133.01413
57,12,382.56772,144.11511
57,13,382.46048,152.99763
57,14,384.98196,163.41441
57,15,384.37604,172.1447
57,16,384.03223,183.48117
57,17,383.431,194.04535
57,18,380.51254,201.31866
57,19,383.3834,213.15327
57,20,383.84537,224.57727
57,21,384.51358,234.82025
57,22,384.0144,244.3598
57,23,383.68228,254.14429
57,24,385.55698,260.21045
57,25,383.65405,276.42273
57,26,383.18585,284.66312
57,27,383.32513,293.25336
57,28,383.7659,305.12292
57,29,383.77454,318.07135
57,30,382.87442,323.2866
57,31,383.6944,336.712
57,32,384.54214,351.34995
57,33,384.66913,357.41342
57,34,384.82782,368.68124
57,35,387.1187,380.73102
57,36,384.8373,387.69846
57,37,384.5478,398.9417
57,38,384.46936,410.0488
57,39,384.35254,419.74768
57,40,383.4265,431.94437
57,41,384.7311,443.38684
57,42,384.6286,450.2891
57,43,385.4185,460.30463
57,44,385.377,469.80933
58,0,391.3133,18.80119
58,1,392.43347,27.725508
58,2,391.19458,36.53031
58,3,391.55377,48.895214
58,4,390.9929,59.604485
58,5,390.3832,70.435974
58,6,390.09122,81.186226
58,7,390.0844,90.40618
58,8,390.06607,101.52695
58,9,389.96143,112.01674
58,10,389.949,122.315956
58,11,390.02914,132.88472
58,12,390.03787,143.79285
58,13,390.16348,153.35524
58,14,390.72607,163.5093
58,15,391.64957,174.573
58,16,391.0625,183.63736
58,17,390.17978,194.11125
58,18,389.57233,202.7301
58,19,389.81125,213.63184
58,20,390.01245,224.39998
58,21,389.46564,234.56793
58,22,390.11163,244.02446
58,23,389.69455,254.37538
58,24,387.75873,259.77423
58,25,389.2338,273.91635
58,26,389.0563,284.72507
58,27,389.4904,293.92792
58,28,390.23322,304.19354
58,29,390.16757,313.58337
58,30,391.26553,324.96652
58,31,390.43936,336.4291
58,32,389.92978,347.67108
58,33,392.366,359.3452
58,34,391.6618,368.41962
58,35,390.9057,379.8559
58,36,390.41226,388.44345
58,37,390.7929,399.1799
58,38,389.3794,411.9491
58,39,390.67343,419.04843
58,40,390.39487,433.06296
58,41,390.91226,441.87646
58,42,391.1783,449.24756
58,43,391.00986,459.87683
58,44,390.98495,469.8308
59,0,395.1178,18.69839
59,1,398.48547,26.122726
59,2,397.76053,38.181206
59,3,397.31808,48.680653
59,4,397.08075,59.929024
59,5,396.89,70.47381
59,6,396.74713,81.17254
59,7,396.70505,91.09716
59,8,396.67938,101.60472
59,9,396.63577,112.114716
59,10,396.61435,122.63139
59,11,396.58005,131.56023
59,12,396.3215,143.46632
59,13,396.85394,150.3704
59,14,396.51608,160.99823
59,15,396.4812,175.54027
59,16,396.3317,183.63573
59,17,397.13135,194.22786
59,18,398.40295,205.14261
59,19,397.6681,214.12819
59,20,396.96835,224.35512
59,21,396.53717,234.33296
59,22,396.232,243.26727
59,23,396.6103,254.24426
59,24,396.62805,264.081
59,25,395.94217,274.55515
59,26,395.83856,285.12634
59,27,395.75894,294.14032
59,28,393.4388,303.33258
59,29,394.99704,315.2222
59,30,396.1281,323.86218
59,31,396.53723,335.87372
59,32,396.7056,346.75797
59,33,397.29044,358.0178
59,34,397.85458,368.04456
59,35,396.6904,379.71606
59,36,396.6976,388.94455
59,37,396.80624,399.20334
59,38,396.77957,411.7064
59,39,395.71338,420.641
59,40,397.13217,432.5227
59,41,399.71133,435.7925
59,42,397.80853,448.6104
59,43,397.22144,459.70392
59,44,397.21167,469.8479
60,0,399.20035,18.594677
60,1,404.83502,25.943674
60,2,406.4225,37.82672
60,3,403.64792,49.227196
60,4,403.498,60.33264
60,5,403.36807,70.63335
60,6,403.27774,81.12457
60,7,403.22964,91.29249
60,8,403.19516,101.649216
60,9,402.98334,112.168365
60,10,402.59656,122.68714
60,11,397.57156,130.38783
60,12,403.2716,142.68913
60,13,403.0909,151.1316
60,14,402.30505,161.61745
60,15,402.9605,174.19495
60,16,404.19998,183.68375
60,17,401.76004,194.34442
60,18,403.59705,205.40114
60,19,403.38046,214.178
60,20,403.4379,224.36176
60,21,402.63678,234.0704
60,22,403.1379,243.61873
60,23,403.15134,253.99971
60,24,402.98816,264.39496
60,25,402.82745,274.9451
60,26,402.72162,285.6795
60,27,402.43256,294.55234
60,28,402.6427,305.13458
60,29,401.96106,316.0142
60,30,401.83466,322.2756
60,31,402.31924,336.06787
60,32,402.4829,346.02844
60,33,401.92203,357.2459
60,34,402.829,367.58118
60,35,403.14584,378.4684
60,36,403.20242,388.63824
60,37,403.17398,398.39536
60,38,402.7511,409.40375
60,39,402.98282,418.2695
60,40,403.2012,429.1658
60,41,403.62375,437.43887
60,42,403.62277,448.98865
60,43,403.45737,459.6471
60,44,403.44864,469.85474
61,0,411.1288,16.79911
61,1,412.02142,28.553646
61,2,410.22095,39.072647
61,3,410.346,49.86024
61,4,409.95084,60.710842
61,5,409.79605,70.6457
61,6,409.71768,81.25643
61,7,409.6678,91.617615
61,8,409.65665,101.69974
61,9,409.61804,112.18596
61,10,409.60413,122.5892
61,11,409.7698,132.72101
61,12,409.46735,142.93321
61,13,408.33408,152.98938
61,14,407.17044,162.88647
61,15,408.82785,173.91214
61,16,409.29572,183.72931
61,17,409.22522,194.55907
61,18,409.53442,205.8518
61,19,409.7004,214.20262
61,20,410.78342,224.33946
61,21,410.12436,233.0489
61,22,409.82944,244.03023
61,23,409.76227,250.31735
61,24,409.558,264.35638
61,25,409.45615,275.19626
61,26,409.5053,286.0164
61,27,412.63687,297.6415
61,28,409.48596,305.88782
61,29,408.931,316.34903
61,30,408.23773,323.75256
61,31,408.70508,335.78223
61,32,408.81082,345.86432
61,33,409.059,356.46808
61,34,409.39398,367.31976
61,35,409.46445,378.093
61,36,409.26776,388.473
61,37,408.6928,397.37527
61,38,409.3831,408.99863
61,39,408.93658,418.35007
61,40,409.18478,428.66785
61,41,408.91946,438.6705
61,42,408.04788,449.29825
61,43,409.74127,459.60403
61,44,409.79288,469.84564
62,0,417.3721,17.152317
62,1,416.67847,28.90754
62,2,416.29782,39.62034
62,3,417.35815,50.186348
62,4,416.21362,61.13274
62,5,416.13065,70.74563
62,6,416.10068,81.47585
62,7,416.0659,93.24341
62,8,416.0417,101.880035
62,9,416.03052,112.185234
62,10,416.09845,122.516174
62,11,416.64566,133.16212
62,12,417.99728,140.93016
62,13,416.20154,153.84425
62,14,416.2223,161.90338
62,15,415.24896,173.74715
62,16,415.88834,183.76485
62,17,416.0943,195.68169
62,18,416.36392,203.5846
62,19,416.26163,214.30617
62,20,416.29883,224.25407
62,21,416.27832,230.87476
62,22,416.29108,245.07207
62,23,416.01337,254.13731
62,24,415.88937,264.2023
62,25,415.67572,275.3926
62,26,414.83725,286.09186
62,27,415.56998,296.4039
62,28,415.88773,305.76987
62,29,415.72003,316.54517
62,30,415.47903,325.71448
62,31,412.49582,334.97153
62,32,415.49408,346.33862
62,33,415.67395,353.57614
62,34,415.87283,367.24484
62,35,415.91983,377.99286
62,36,415.83887,388.4296
62,37,415.77792,398.29138
62,38,415.92688,408.8741
62,39,415.84113,418.5705
62,40,415.90756,428.6919
62,41,416.052,438.8889
62,42,416.13022,449.19397
62,43,416.18616,459.5578
62,44,416.23932,469.81857
63,0,424.46927,20.020294
63,1,423.07974,29.589672
63,2,422.90372,39.94586
63,3,422.9754,50.436657
63,4,422.97437,61.80301
63,5,422.72556,70.8256
63,6,422.52106,81.48748
63,7,421.68402,93.94727
63,8,422.2961,101.758194
63,9,422.36203,112.181625
63,10,422.36145,122.481636
63,11,422.3518,132.99678
63,12,422.32047,142.66177
63,13,422.14438,154.03056
63,14,421.72232,163.3137
63,15,422.2635,173.9528
63,16,422.23642,183.73596
63,17,421.88928,194.61678
63,18,421.9221,201.86598
63,19,421.0639,214.39073
63,20,422.1811,222.50127
63,21,422.82864,234.05267
63,22,422.07993,245.16518
63,23,421.77823,254.79901
63,24,419.1991,262.6813
63,25,421.83344,275.69965
63,26,421.7621,286.22504
63,27,421.3598,296.4512
63,28,422.4865,305.80283
63,29,422.4674,317.01492
63,30,422.7223,326.52982
63,31,422.19302,336.22684
63,32,422.18536,346.46472
63,33,421.98303,356.00165
63,34,422.3113,367.15082
63,35,422.40247,377.96744
63,36,422.41568,388.4492
63,37,422.4776,398.60504
63,38,422.5241,408.89627
63,39,422.46436,419.0227
63,40,422.46326,428.69717
63,41,422.52542,439.14542
63,42,422.56592,449.085
63,43,422.64108,459.5026
63,44,422.71048,469.77426
64,0,429.57657,21.149107
64,1,429.3388,30.235947
64,2,429.1564,40.100113
64,3,429.57037,50.211826
64,4,428.9647,62.034786
64,5,427.5551,70.87408
64,6,428.781,81.19558
64,7,428.89102,91.88155
64,8,428.85425,101.74873
64,9,428.8323,112.17924
64,10,428.8329,122.467834
64,11,428.8674,132.91425
64,12,428.91284,143.03056
64,13,428.89282,153.5307
64,14,428.95416,164.05247
64,15,429.59122,173.43309
64,16,430.7283,183.72974
64,17,428.76468,194.27094
64,18,428.75894,203.78738
64,19,429.36432,214.43652
64,20,428.89407,224.02547
64,21,428.66147,234.56268
64,22,428.51834,245.16504
64,23,428.35278,255.13536
64,24,428.2487,265.08368
64,25,428.28204,276.4905
64,26,428.19122,287.05133
64,27,427.19357,296.11746
64,28,431.96875,306.17096
64,29,428.8048,317.54678
64,30,428.8514,327.16162
64,31,429.6641,337.87936
64,32,429.35776,346.77197
64,33,429.1452,356.60434
64,34,428.9769,367.0971
64,35,428.9188,377.9817
64,36,428.8838,388.4979
64,37,428.94977,398.91772
64,38,428.56647,408.97647
64,39,428.49234,421.32138
64,40,428.78012,428.70996
64,41,428.8785,439.10568
64,42,428.955,448.99414
64,43,429.0354,459.3511
64,44,429.13446,469.71646
65,0,435.69656,21.833908
65,1,435.602,30.698929
65,2,435.52325,40.194233
65,3,435.54803,50.376106
65,4,435.70023,62.30402
65,5,435.53958,70.93181
65,6,436.137,81.00727
65,7,435.56915,91.764145
65,8,435.39996,101.76397
65,9,435.32077,112.18018
65,10,435.30713,122.487144
65,11,435.36295,132.89816
65,12,435.52078,143.34755
65,13,435.32214,153.39885
65,14,435.17914,163.91159
65,15,435.10675,173.48436
65,16,435.06934,183.95877
65,17,435.0637,194.17245
65,18,435.09564,204.41896
65,19,435.10776,214.49446
65,20,435.097,224.37602
65,21,435.07053,234.85963
65,22,435.12305,245.47675
65,23,435.09027,255.38206
65,24,435.14215,265.70258
65,25,437.79514,278.66418
65,26,434.70386,287.79462
65,27,433.4378,294.50134
65,28,435.1038,306.85703
65,29,435.24738,317.58444
65,30,434.44345,327.70917
65,31,435.0905,339.66217
65,32,436.89145,349.0692
65,33,436.1051,356.76645
65,34,435.48767,367.04077
65,35,435.30017,378.02692
65,36,435.17975,388.5522
65,37,435.04312,399.1111
65,38,434.74823,409.20438
65,39,434.50302,419.458
65,40,435.01483,428.7586
65,41,435.2631,439.0611
65,42,435.3874,448.87888
65,43,435.4441,459.26312
65,44,435.46378,469.64972
66,0,442.84302,22.450205
66,1,442.1111,30.119493
66,2,441.95602,40.250114
66,3,442.18768,50.443676
66,4,445.3538,63.436268
66,5,442.49078,70.992355
66,6,442.2494,80.48509
66,7,441.91263,91.78512
66,8,441.78098,101.76787
66,9,441.72806,112.18346
66,10,441.72253,122.50522
66,11,441.81866,132.9306
66,12,444.32272,145.94873
66,13,441.7865,153.2539
66,14,441.5674,163.76216
66,15,441.4564,173.68945
66,16,441.23645,184.02142
66,17,440.574,194.14555
66,18,441.49792,204.30917
66,19,441.59073,214.39594
66,20,441.6709,224.5762
66,21,441.73886,235.04636
66,22,441.95593,245.83557
66,23,443.33438,255.60405
66,24,441.8297,265.96292
66,25,441.7149,277.6624
66,26,441.4882,295.153
66,27,441.20447,296.55865
66,28,441.23557,306.86517
66,29,442.155,318.3035
66,30,441.74643,329.00034
66,31,441.1957,338.27274
66,32,441.5486,349.4278
66,33,441.76382,356.49728
66,34,441.83322,366.974
66,35,441.79196,378.1125
66,36,441.71072,388.6154
66,37,441.5996,399.02856
66,38,441.37076,409.55423
66,39,440.85175,418.97507
66,40,441.62662,428.82285
66,41,441.83707,439.00668
66,42,441.9773,448.4307
66,43,441.9682,459.10858
66,44,441.94446,469.57767
67,0,448.74594,20.910757
67,1,448.27786,30.075165
67,2,448.19046,40.284016
67,3,448.21896,50.476246
67,4,448.5177,62.593483
67,5,448.87518,71.20715
67,6,448.51837,76.06256
67,7,448.19553,91.78735
67,8,448.1072,101.85069
67,9,448.08472,112.186844
67,10,448.1136,122.53486
67,11,448.32492,133.06273
67,12,448.5286,143.8452
67,13,448.07782,153.18842
67,14,447.9458,163.73494
67,15,447.8672,173.57828
67,16,447.79086,183.94969
67,17,447.78683,194.11107
67,18,448.29736,203.42935
67,19,448.06418,214.28348
67,20,448.00427,224.70131
67,21,447.9753,235.17592
67,22,448.00574,245.75844
67,23,448.01767,255.68759
67,24,448.03168,266.13562
67,25,448.0944,276.99008
67,26,449.36115,287.72052
67,27,448.0457,297.26373
67,28,446.6891,306.3749
67,29,450.56122,317.89014
67,30,448.3394,332.18018
67,31,447.64838,339.2373
67,32,447.64615,347.795
67,33,447.59436,356.66632
67,34,448.26907,367.1005
67,35,448.2342,378.26373
67,36,448.13986,388.72995
67,37,448.02017,399.20837
67,38,447.79977,409.34573
67,39,447.73593,418.91022
67,40,447.97827,428.83908
67,41,448.01666,438.89423
67,42,447.22723,446.5587
67,43,448.22556,458.68768
67,44,448.30542,469.5184
68,0,454.54996,20.340754
68,1,454.58105,30.079348
68,2,454.62808,40.30587
68,3,454.70694,50.49679
68,4,454.9057,61.297977
68,5,455.45364,71.48756
68,6,455.15552,80.71931
68,7,455.05817,91.94776
68,8,454.70526,101.82735
68,9,454.574,112.185616
68,10,454.4956,122.566414
68,11,454.4382,133.15634
68,12,454.39484,142.33916
68,13,454.35147,153.13606
68,14,454.3129,163.61699
68,15,454.27322,173.48326
68,16,454.23608,183.74788
68,17,454.25424,194.08351
68,18,454.3318,204.27844
68,19,454.3488,214.28882
68,20,454.3472,224.77849
68,21,454.3531,235.24849
68,22,454.35907,245.71582
68,23,454.3528,255.83566
68,24,454.31625,266.185
68,25,454.23685,276.83655
68,26,454.07047,288.34784
68,27,453.62494,297.32153
68,28,452.4141,305.87125
68,29,454.06088,317.5543
68,30,454.66956,329.15567
68,31,454.895,343.18494
68,32,455.0209,348.46387
68,33,455.33807,358.96765
68,34,455.4836,367.3772
68,35,457.61673,378.52258
68,36,454.77124,388.8463
68,37,453.35825,400.2197
68,38,454.47745,409.1073
68,39,454.59888,418.64038
68,40,454.57837,428.84195
68,41,454.63226,438.44836
68,42,454.46384,453.58633
68,43,454.3459,458.38837
68,44,454.76358,469.51315
69,0,460.92374,20.156662
69,1,460.9518,30.09218
69,2,460.99408,40.32108
69,3,461.06116,50.51212
69,4,461.22107,61.144096
69,5,462.26767,74.69874
69,6,461.41046,81.1551
69,7,461.46448,92.691765
69,8,461.07962,101.812065
69,9,460.91806,112.17516
69,10,460.78702,122.58609
69,11,460.53177,133.27414
69,12,459.26297,142.69635
69,13,460.52707,153.09273
69,14,460.63782,163.37825
69,15,460.6732,173.4246
69,16,460.71436,183.69328
69,17,460.84985,194.10454
69,18,460.96533,203.98364
69,19,460.85812,214.52411
69,20,460.81345,224.82773
69,21,460.81137,235.30284
69,22,460.8263,245.74165
69,23,460.83945,255.99504
69,24,460.81708,266.16342
69,25,460.7364,276.75098
69,26,460.66672,287.3487
69,27,460.51364,297.22513
69,28,460.238,307.52075
69,29,460.60098,318.40134
69,30,461.6392,328.48386
69,31,461.64536,339.74194
69,32,462.40704,351.3931
69,33,462.9709,360.8425
69,34,461.81012,367.99786
69,35,461.2758,378.69482
69,36,461.06494,388.7378
69,37,460.90384,398.97156
69,38,460.7765,409.02115
69,39,460.7433,418.4723
69,40,460.1623,428.94913
69,41,459.5128,437.32172
69,42,461.69983,452.00757
69,43,460.87796,459.03314
69,44,461.00162,469.58276
70,0,467.26294,19.932465
70,1,467.2822,30.105688
70,2,467.3114,40.33241
70,3,467.35666,50.524837
70,4,467.42395,61.07369
70,5,468.1498,73.43912
70,6,467.38477,81.33237
70,7,466.2964,96.3363
70,8,467.1321,101.77825
70,9,467.17435,112.148834
70,10,467.12036,122.581085
70,11,467.00314,133.2971
70,12,466.86407,142.76814
70,13,467.00235,153.05455
70,14,467.0878,163.32513
70,15,467.13577,173.39014
70,16,467.20337,183.66486
70,17,467.4335,194.18034
70,18,468.04324,202.69237
70,19,467.33414,214.85959
70,20,467.2495,224.86002
70,21,467.24146,235.34833
70,22,467.2693,245.81392
70,23,467.31845,256.2521
70,24,467.29144,266.2193
70,25,467.1994,276.79
70,26,467.11136,287.04898
70,27,466.98355,297.2864
70,28,466.6107,308.27267
70,29,467.2015,318.81223
70,30,468.0637,328.68024
70,31,467.6424,339.2931
70,32,468.6371,351.58868
70,33,469.58716,360.26343
70,34,468.15024,368.7393
70,35,468.5803,379.13144
70,36,467.67194,388.58054
70,37,467.25568,398.74423
70,38,466.80774,409.0001
70,39,466.7083,418.6805
70,40,466.59592,428.97272
70,41,466.57822,438.41385
70,42,466.93808,449.76956
70,43,467.13748,459.40643
70,44,467.23618,469.6979
71,0,473.66562,19.899704
71,1,473.6895,30.11819
71,2,473.73016,40.3416
71,3,473.80383,50.535973
71,4,473.92035,61.047215
71,5,474.21628,71.84699
71,6,474.40277,81.27791
71,7,474.9314,91.88189
71,8,473.67722,101.74193
71,9,473.62558,112.10033
71,10,473.55942,122.541214
71,11,473.47986,133.39015
71,12,473.42606,142.81657
71,13,473.45007,153.02237
71,14,473.48233,163.28296
71,15,473.49387,173.36905
71,16,473.82217,183.64917
71,17,473.3201,194.60045
71,18,474.00906,203.57239
71,19,473.7451,215.21577
71,20,473.73615,224.8798
71,21,473.78903,235.38261
71,22,473.9321,245.90639
71,23,474.30988,256.87177
71,24,474.36816,266.2996
71,25,473.85822,277.02393
71,26,473.79202,287.4518
71,27,476.66165,297.46017
71,28,472.98172,308.0379
71,29,474.68576,319.94916
71,30,474.45428,328.8164
71,31,473.43964,339.1821
71,32,473.75204,349.5368
71,33,474.09232,359.26743
71,34,474.54767,369.9363
71,35,476.46347,380.4576
71,36,474.09424,388.47128
71,37,473.71445,398.65924
71,38,473.44177,409.02008
71,39,473.31354,418.89117
71,40,473.26678,429.06155
71,41,473.323,438.91455
71,42,473.52567,449.46115
71,43,473.77472,459.78726
71,44,473.95306,469.83972
