72,45
0,0,19.44158,19.120834
0,1,19.00242,29.264036
0,2,18.633635,36.112972
0,3,20.384293,50.64281
0,4,20.847559,62.02999
0,5,19.034416,69.02927
0,6,19.940042,80.211655
0,7,19.999134,90.57933
0,8,19.989523,101.86685
0,9,19.965857,112.50841
0,10,19.965088,122.357216
0,11,20.04581,132.50313
0,12,20.32654,145.1519
0,13,21.456633,158.81721
0,14,21.210459,161.91391
0,15,20.1544,173.10928
0,16,19.900633,183.48848
0,17,19.694859,193.71223
0,18,19.848743,204.0035
0,19,19.920784,214.12425
0,20,19.942595,224.51682
0,21,19.943886,234.87787
0,22,19.943287,244.95496
0,23,19.96688,255.18886
0,24,20.002954,265.48767
0,25,20.023056,275.5974
0,26,20.031239,285.8548
0,27,20.035288,296.1613
0,28,20.027552,306.48602
0,29,19.956879,316.64734
0,30,19.267754,328.0573
0,31,19.291636,337.44174
0,32,19.888243,347.24585
0,33,19.95274,357.58002
0,34,19.975191,367.54724
0,35,19.986084,377.95996
0,36,19.991823,388.06125
0,37,19.99529,398.29922
0,38,19.997494,408.48367
0,39,19.998962,418.68243
0,40,19.999985,428.93854
0,41,20.000715,439.1207
0,42,20.001244,449.3766
0,43,20.001637,459.52466
0,44,20.001936,469.77576
1,0,26.345394,19.872334
1,1,26.04248,29.742144
1,2,24.96459,38.23117
1,3,25.659716,49.464798
1,4,26.453753,62.523716
1,5,26.402258,70.33009
1,6,25.767176,80.01186
1,7,24.474487,91.39979
1,8,26.298946,101.48807
1,9,25.825352,113.13414
1,10,26.221783,122.37242
1,11,26.430843,132.24959
1,12,26.524994,142.75911
1,13,26.80887,155.12701
1,14,27.375391,162.84845
1,15,26.57541,173.18091
1,16,26.393879,183.57536
1,17,26.3086,193.67976
1,18,26.330343,203.96611
1,19,26.363483,214.07271
1,20,26.381489,224.47607
1,21,26.393549,234.8469
1,22,26.413416,244.8687
1,23,26.448132,255.14485
1,24,26.471731,265.4079
1,25,26.46836,275.4959
1,26,26.46284,285.79282
1,27,26.468885,296.09003
1,28,26.487524,306.40024
1,29,26.455334,316.65768
1,30,26.209476,327.44855
1,31,26.162083,336.98306
1,32,26.311483,347.12714
1,33,26.358898,357.51132
1,34,26.376741,367.5298
1,35,26.38534,377.88467
1,36,26.389822,388.06802
1,37,26.392391,398.30737
1,38,26.39392,408.4893
1,39,26.39486,418.68594
1,40,26.39544,428.9447
1,41,26.395782,439.12405
1,42,26.395983,449.38257
1,43,26.396088,459.52356
1,44,26.39612,469.7757
2,0,32.630527,19.740463
2,1,32.350582,29.343687
2,2,31.93343,39.077797
2,3,31.809013,48.81113
2,4,32.397476,61.33345
2,5,32.527416,70.748795
2,6,32.68526,80.89005
2,7,32.725113,90.433
2,8,32.55137,101.423904
2,9,32.954376,111.69196
2,10,32.75857,122.371056
2,11,32.816544,132.17038
2,12,32.839836,141.98967
2,13,32.852085,154.0514
2,14,32.854904,163.08002
2,15,32.850307,173.21657
2,16,32.827824,183.66653
2,17,32.799187,193.63466
2,18,32.792744,203.89189
2,19,32.799084,213.98592
2,20,32.808044,224.42531
2,21,32.82402,234.83003
2,22,32.860477,244.74702
2,23,32.92705,255.11134
2,24,32.95194,265.3303
2,25,32.90532,275.42572
2,26,32.879322,285.76004
2,27,32.888737,296.05432
2,28,32.964203,306.34937
2,29,33.088932,316.69223
2,30,32.820663,327.09662
2,31,32.714962,336.96484
2,32,32.736195,347.0903
2,33,32.757477,357.47516
2,34,32.76829,367.5177
2,35,32.774097,377.853
2,36,32.77728,388.07614
2,37,32.779137,398.31677
2,38,32.780247,408.49594
2,39,32.780922,418.69022
2,40,32.781315,428.95178
2,41,32.781548,439.12802
2,42,32.78167,449.38968
2,43,32.781715,459.52243
2,44,32.781723,469.77567
3,0,37.68733,18.560614
3,1,39.070683,28.324266
3,2,38.735504,39.531216
3,3,37.26676,48.40517
3,4,38.75382,60.782528
3,5,39.116463,70.92363
3,6,39.757214,81.05239
3,7,38.857647,91.05215
3,8,38.487293,102.337036
3,9,38.877213,111.04111
3,10,39.593628,122.97704
3,11,39.550446,131.62141
3,12,39.44528,139.41794
3,13,39.37817,152.0232
3,14,39.360813,163.06516
3,15,39.363506,173.24622
3,16,39.355225,183.5175
3,17,39.31246,193.738
3,18,39.273434,203.69287
3,19,39.255653,213.794
3,20,39.25385,224.3861
3,21,39.270256,234.82892
3,22,39.32382,244.48814
3,23,39.48056,255.09674
3,24,39.54838,265.1496
3,25,39.366978,275.36475
3,26,39.311367,285.7553
3,27,39.319744,296.04062
3,28,39.4519,306.3202
3,29,42.54113,316.76367
3,30,39.348965,326.94196
3,31,39.19741,336.96906
3,32,39.172993,347.06912
3,33,39.174168,357.45462
3,34,39.177525,367.5085
3,35,39.17988,377.83798
3,36,39.181202,388.0867
3,37,39.18189,398.32797
3,38,39.18216,408.50388
3,39,39.182182,418.6952
3,40,39.18206,428.9603
3,41,39.18184,439.13297
3,42,39.18157,449.3983
3,43,39.18126,459.52124
3,44,39.18094,469.77563
4,0,45.65999,20.47494
4,1,45.133347,28.580885
4,2,45.10644,39.569046
4,3,44.92195,49.795677
4,4,45.13831,60.371925
4,5,45.285427,70.73277
4,6,45.327106,81.013664
4,7,45.43469,91.480515
4,8,45.87025,102.24495
4,9,46.04927,111.07249
4,10,50.02272,126.24341
4,11,46.211597,131.12086
4,12,45.556282,141.417
4,13,43.59233,150.53563
4,14,45.5008,163.0335
4,15,45.688473,172.99872
4,16,45.602795,183.18936
4,17,45.723167,193.7767
4,18,45.65565,201.69817
4,19,45.630493,213.21295
4,20,45.628227,224.33932
4,21,45.64891,234.87878
4,22,45.715904,243.05295
4,23,46.01296,255.2725
4,24,46.449368,266.13187
4,25,45.76739,275.3515
4,26,45.690964,285.79437
4,27,45.68915,296.0477
4,28,45.75559,306.308
4,29,45.829323,316.8467
4,30,45.694794,326.86398
4,31,45.598473,336.98724
4,32,45.567604,347.0553
4,33,45.560204,357.4434
4,34,45.559353,367.50015
4,35,45.55981,377.8308
4,36,45.56039,388.10107
4,37,45.560818,398.34146
4,38,45.561085,408.5133
4,39,45.56122,418.70096
4,40,45.561264,428.9705
4,41,45.561253,439.13892
4,42,45.561195,449.40866
4,43,45.56113,459.52
4,44,45.56102,469.7756
5,0,54.121902,24.572886
5,1,48.738926,28.070732
5,2,51.529156,39.781734
5,3,51.43242,49.900436
5,4,50.473198,54.865837
5,5,51.702953,70.271706
5,6,51.784546,80.712814
5,7,51.805305,91.432
5,8,51.94257,104.02784
5,9,50.331406,107.666626
5,10,52.32469,123.64785
5,11,52.591896,131.42613
5,12,52.113613,142.19394
5,13,52.05082,157.64384
5,14,52.12178,163.40831
5,15,52.263348,173.23369
5,16,52.576447,184.37318
5,17,52.246445,193.85266
5,18,52.102894,203.20705
5,19,52.052692,213.53168
5,20,52.046757,224.34756
5,21,52.087696,234.89954
5,22,52.098015,243.78029
5,23,51.81095,255.36043
5,24,49.864433,265.39368
5,25,51.76437,275.4327
5,26,51.900787,285.9129
5,27,51.979424,296.0815
5,28,52.147034,306.31363
5,29,53.228992,317.39108
5,30,52.121193,326.75327
5,31,51.97941,337.02145
5,32,51.940826,347.0482
5,33,51.929592,357.44092
5,34,51.92753,367.49
5,35,51.928276,377.79752
5,36,51.929787,388.12253
5,37,51.93135,398.41296
5,38,51.93274,408.52466
5,39,51.93397,418.70755
5,40,51.935036,428.98288
5,41,51.935963,439.14624
5,42,51.936737,449.4215
5,43,51.937405,459.5187
5,44,51.937992,469.77554
6,0,56.581062,20.914574
6,1,57.607674,30.227365
6,2,57.841187,39.223877
6,3,57.729965,49.48413
6,4,56.651943,56.09292
6,5,57.23373,70.46275
6,6,57.840393,80.22519
6,7,58.165543,90.457504
6,8,58.47817,102.16527
6,9,60.179768,116.491325
6,10,59.141945,123.04005
6,11,58.815163,131.82492
6,12,58.584263,142.57095
6,13,58.264557,153.55882
6,14,58.479553,163.84831
6,15,58.584293,173.39214
6,16,58.64153,187.84796
6,17,58.620533,194.11983
6,18,58.56723,203.73486
6,19,58.495373,213.84364
6,20,58.475964,224.43091
6,21,58.609493,235.02994
6,22,59.003437,242.90175
6,23,58.34427,255.39136
6,24,58.09741,265.57883
6,25,58.2088,275.63214
6,26,58.287083,286.20862
6,27,58.337936,296.15897
6,28,58.447014,306.34485
6,29,59.937057,321.15704
6,30,58.454224,326.76968
6,31,58.345387,337.08328
6,32,58.316864,347.05588
6,33,58.308517,357.45197
6,34,58.307457,367.47418
6,35,58.30886,377.79358
6,36,58.310966,388.1603
6,37,58.31308,398.43555
6,38,58.315002,408.5384
6,39,58.31669,418.7154
6,40,58.318157,428.99808
6,41,58.319416,439.1555
6,42,58.320503,449.4375
6,43,58.321453,459.51746
6,44,58.322285,469.7755
7,0,64.03573,19.714912
7,1,66.724045,28.729897
7,2,59.87534,37.629333
7,3,63.735123,48.883026
7,4,64.91394,60.078125
7,5,64.41311,71.693214
7,6,63.407776,74.9003
7,7,64.5208,91.00782
7,8,62.847782,102.73183
7,9,65.89559,112.00497
7,10,68.54048,126.03841
7,11,65.376564,132.11584
7,12,65.982864,142.651
7,13,65.29064,153.22653
7,14,68.49919,166.2406
7,15,65.448875,174.03748
7,16,65.06261,184.59993
7,17,64.653725,194.99188
7,18,63.654373,200.90634
7,19,64.586845,212.62077
7,20,64.26557,224.41473
7,21,64.89169,235.3843
7,22,65.5617,242.16544
7,23,64.799484,255.82442
7,24,64.74176,266.04715
7,25,64.731636,275.9035
7,26,65.183495,286.64328
7,27,64.41282,296.3396
7,28,64.64403,306.43436
7,29,64.67998,317.83588
7,30,64.69055,326.85748
7,31,64.69704,337.21408
7,32,64.70093,347.11783
7,33,64.70376,357.50366
7,34,64.705795,367.43915
7,35,64.70747,377.79
7,36,64.70882,388.2433
7,37,64.709885,398.4631
7,38,64.7108,408.55524
7,39,64.7116,418.7242
7,40,64.71232,429.01727
7,41,64.712906,439.16718
7,42,64.71345,449.458
7,43,64.71389,459.51636
7,44,64.71432,469.77548
8,0,65.041336,16.009705
8,1,70.75219,29.725412
8,2,70.864746,39.80272
8,3,70.30908,50.567287
8,4,70.64301,60.44523
8,5,71.03192,76.81324
8,6,72.10948,81.37839
8,7,71.24184,91.649345
8,8,70.93599,104.701035
8,9,71.2383,112.203224
8,10,71.75201,123.54093
8,11,72.79182,133.22159
8,12,71.14231,143.06116
8,13,70.2415,154.88698
8,14,73.63364,169.12256
8,15,72.27255,175.3792
8,16,71.475525,184.22307
8,17,71.99416,198.08247
8,18,68.80383,204.74957
8,19,71.63076,213.43806
8,20,71.00778,224.46484
8,21,71.166504,235.97751
8,22,70.58466,245.08252
8,23,68.77107,257.0138
8,24,71.02826,266.7042
8,25,71.05087,275.61276
8,26,70.34736,286.5835
8,27,70.93125,297.43192
8,28,71.01346,306.75677
8,29,71.04662,317.7643
8,30,71.06136,327.20786
8,31,71.07155,338.1678
8,32,71.07779,347.96432
8,33,71.08244,357.76163
8,34,71.08604,367.31046
8,35,71.0891,378.35776
8,36,71.0914,388.46075
8,37,71.09336,398.49713
8,38,71.09498,408.5766
8,39,71.096375,418.73398
8,40,71.09759,429.0417
8,41,71.09865,439.1823
8,42,71.09954,449.48495
8,43,71.10036,459.51566
8,44,71.10107,469.77545
9,0,76.51013,20.938904
9,1,76.947235,30.197
9,2,77.440254,39.96291
9,3,77.03046,50.182705
9,4,77.19751,60.7349
9,5,77.33349,71.62671
9,6,76.57175,81.95626
9,7,75.53231,91.439285
9,8,77.01194,102.58501
9,9,77.117935,113.63798
9,10,77.28552,121.78749
9,11,78.11933,133.78127
9,12,77.764305,144.3025
9,13,77.75071,153.77704
9,14,78.44385,167.5767
9,15,78.008545,176.36038
9,16,77.03415,184.89133
9,17,81.3113,197.16597
9,18,76.11567,202.479
9,19,77.78538,214.49219
9,20,77.689415,224.58278
9,21,77.504036,235.59308
9,22,77.14843,244.71024
9,23,74.78174,262.03754
9,24,75.82666,267.27286
9,25,75.449135,278.00937
9,26,77.02827,287.7964
9,27,76.15131,297.2388
9,28,75.57371,308.90424
9,29,77.40665,319.17947
9,30,78.41364,331.2046
9,31,78.22828,340.5289
9,32,76.9134,351.00806
9,33,77.647606,365.51385
9,34,77.63772,368.47842
9,35,77.57821,383.2425
9,36,77.580025,384.33163
9,37,77.5558,398.54022
9,38,77.546196,408.60394
9,39,77.53946,418.74402
9,40,77.53442,429.07413
9,41,77.53062,439.20258
9,42,77.52763,449.5218
9,43,77.52525,459.5157
9,44,77.52326,469.7754
10,0,82.7965,22.431787
10,1,82.99321,30.345015
10,2,85.59901,41.541702
10,3,82.88735,49.81002
10,4,82.583595,60.526375
10,5,82.60593,72.15636
10,6,84.38789,86.22236
10,7,86.34491,93.79663
10,8,85.83454,102.46841
10,9,83.986115,113.61696
10,10,83.37146,121.85088
10,11,84.007385,133.85161
10,12,84.23493,145.16304
10,13,84.02483,159.70636
10,14,84.35928,166.8699
10,15,84.07663,173.3552
10,16,83.91785,186.11993
10,17,84.317314,197.1381
10,18,83.30917,209.14383
10,19,83.809586,214.4893
10,20,83.74576,225.2545
10,21,83.65189,235.19719
10,22,83.29505,244.9909
10,23,82.48577,259.66702
10,24,86.71849,264.90585
10,25,85.705795,273.60254
10,26,84.22585,284.06705
10,27,84.08116,297.44846
10,28,84.06122,306.37183
10,29,84.04714,317.19562
10,30,84.23574,325.43372
10,31,83.751366,337.86746
10,32,83.931915,346.6271
10,33,83.94153,357.63394
10,34,83.94002,367.41418
10,35,83.93735,378.43878
10,36,83.93449,388.44757
10,37,83.9319,398.59573
10,38,83.92965,408.6399
10,39,83.927574,418.75128
10,40,83.92576,429.11847
10,41,83.92405,439.23035
10,42,83.92255,449.57413
10,43,83.92118,459.5175
10,44,83.91991,469.77536
11,0,89.51016,17.744877
11,1,89.61777,30.192984
11,2,89.29263,40.443695
11,3,88.496,49.986942
11,4,88.171906,60.082546
11,5,86.89849,70.214066
11,6,89.383125,83.10445
11,7,89.75817,90.96084
11,8,90.15628,101.326965
11,9,88.12841,112.26067
11,10,92.34063,122.67925
11,11,91.93127,134.33064
11,12,91.08689,147.07777
11,13,92.309395,151.94942
11,14,90.6955,166.59148
11,15,91.19336,174.6039
11,16,93.47989,183.88503
11,17,90.97408,193.61142
11,18,90.51608,205.19081
11,19,90.629196,214.53587
11,20,90.524704,225.94373
11,21,89.73396,235.5057
11,22,90.02442,244.9969
11,23,88.77507,254.3282
11,24,90.45651,265.5252
11,25,90.440605,274.88385
11,26,90.335495,285.34583
11,27,90.30269,296.34738
11,28,90.24529,306.22308
11,29,90.16243,316.7591
11,30,89.82616,324.47235
11,31,89.83685,337.1274
11,32,90.14989,346.82745
11,33,90.22522,357.44025
11,34,90.25635,367.516
11,35,90.27381,377.92126
11,36,90.29637,388.33737
11,37,90.30179,398.66974
11,38,90.30538,408.68906
11,39,90.30724,418.7463
11,40,90.308235,429.18246
11,41,90.30868,439.27014
11,42,90.308784,449.65353
11,43,90.299324,459.5234
11,44,90.299324,469.7753
12,0,96.021225,17.746881
12,1,96.06258,29.961794
12,2,95.91976,40.08838
12,3,95.621376,50.19968
12,4,94.74542,59.05842
12,5,95.65999,70.98973
12,6,95.91765,81.12706
12,7,94.061615,85.78091
12,8,95.329765,101.08085
12,9,94.25168,111.78303
12,10,96.05066,122.96742
12,11,93.58164,123.717285
12,12,96.15167,143.73753
12,13,99.834984,154.22774
12,14,97.97344,162.38489
12,15,101.09529,180.60959
12,16,102.710304,195.33983
12,17,98.27436,193.84634
12,18,97.63878,204.20148
12,19,97.1782,214.03285
12,20,97.75275,227.47221
12,21,97.03749,235.3078
12,22,96.72241,244.68817
12,23,96.33677,255.09804
12,24,97.844505,265.3266
12,25,96.85335,274.83536
12,26,96.77455,285.2998
12,27,96.707214,296.51794
12,28,96.65365,306.2131
12,29,96.579956,316.58298
12,30,96.46129,326.2606
12,31,96.455734,337.06732
12,32,96.55823,346.87677
12,33,96.612564,357.41757
12,34,96.63874,367.57687
12,35,96.65296,377.98285
12,36,96.66141,388.3457
12,37,96.66663,398.54822
12,38,96.67011,408.7604
12,39,96.67238,418.69046
12,40,96.67383,429.28287
12,41,96.67479,439.33066
12,42,96.6754,449.7854
12,43,96.675735,459.54004
12,44,96.67595,469.77527
13,0,102.63602,19.516773
13,1,102.57944,29.725595
13,2,102.47483,39.659245
13,3,102.312035,50.269245
13,4,102.24954,60.506187
13,5,102.60223,71.31343
13,6,102.31369,79.763535
13,7,102.17247,91.027275
13,8,102.51624,101.03104
13,9,102.35583,111.97463
13,10,102.013824,123.09851
13,11,102.340164,131.59834
13,12,102.22176,140.63545
13,13,102.343925,153.53596
13,14,104.12377,162.13583
13,15,103.733894,175.43393
13,16,100.892815,173.02325
13,17,104.41235,193.38264
13,18,105.43012,203.90204
13,19,104.48963,216.08116
13,20,103.84429,225.6444
13,21,103.572044,235.0693
13,22,103.38276,244.2192
13,23,103.35577,254.74277
13,24,103.420586,264.63458
13,25,103.40878,275.1368
13,26,103.15256,284.6358
13,27,101.629105,299.25836
13,28,102.950935,306.2209
13,29,102.89093,316.65543
13,30,102.442116,326.45203
13,31,102.70382,337.05444
13,32,102.95746,346.8846
13,33,103.012,357.56848
13,34,103.03594,367.63632
13,35,103.04818,378.07315
13,36,103.05512,388.4125
13,37,103.05911,398.6179
13,38,103.06152,408.8726
13,39,103.063156,418.39728
13,40,103.06381,429.4649
13,41,103.064224,439.43167
13,42,103.06434,450.349
13,43,103.064354,459.592
13,44,103.06421,469.77524
14,0,108.614235,19.868034
14,1,108.557274,29.678614
14,2,108.52621,39.342186
14,3,108.90429,50.321945
14,4,108.97068,61.20211
14,5,109.41203,71.79771
14,6,111.11634,80.84117
14,7,108.66272,90.935936
14,8,108.55118,100.03567
14,9,106.096344,114.95692
14,10,112.64852,121.80054
14,11,109.82834,131.65833
14,12,109.780396,138.254
14,13,106.65612,146.31892
14,14,105.12072,163.04303
14,15,108.09074,173.1754
14,16,109.25375,184.60345
14,17,110.497086,192.77539
14,18,113.35963,202.25377
14,19,110.70971,214.2273
14,20,110.299675,224.82686
14,21,109.87502,234.77275
14,22,109.8172,244.14522
14,23,109.80606,253.4004
14,24,111.042816,263.37363
14,25,110.47442,276.63745
14,26,112.13681,281.0076
14,27,109.37557,296.16418
14,28,109.343636,306.24426
14,29,109.31972,316.435
14,30,109.228714,326.52716
14,31,109.28079,337.07715
14,32,109.361015,346.84424
14,33,109.40348,357.45532
14,34,109.42636,367.71255
14,35,109.44171,378.21094
14,36,109.45716,388.53424
14,37,109.4837,398.70227
14,38,109.42047,409.06473
14,39,109.01181,418.34326
14,40,109.37262,429.87775
14,41,109.420944,439.63535
14,42,109.43446,451.24765
14,43,109.439964,460.2617
14,44,109.44269,469.7752
15,0,115.909706,21.016163
15,1,115.424736,29.793036
15,2,115.25137,39.828888
15,3,115.28819,50.37487
15,4,115.21301,61.5593
15,5,115.0028,71.42898
15,6,114.73419,80.87816
15,7,114.99563,91.0148
15,8,114.93579,100.42066
15,9,115.33252,112.3831
15,10,115.616,121.16333
15,11,117.351776,127.54413
15,12,114.85631,141.03662
15,13,113.36774,149.54608
15,14,114.6311,159.86761
15,15,115.689644,170.22409
15,16,117.9449,176.77449
15,17,117.82294,192.80043
15,18,113.11116,200.71144
15,19,116.37005,215.0519
15,20,118.315475,226.94861
15,21,116.89787,234.13016
15,22,115.64613,242.8272
15,23,115.37299,253.18578
15,24,119.631516,256.79312
15,25,116.62647,276.61115
15,26,116.59477,282.48648
15,27,115.83302,295.77182
15,28,115.692726,306.29898
15,29,115.58399,316.15833
15,30,114.29537,326.63785
15,31,115.555885,337.14594
15,32,115.701164,346.61438
15,33,115.75522,357.7625
15,34,115.78357,367.84436
15,35,115.80634,378.49255
15,36,115.83996,388.71405
15,37,116.00094,398.78864
15,38,117.51767,409.41788
15,39,115.92772,420.21164
15,40,114.51635,430.60565
15,41,115.300224,440.2931
15,42,115.35007,450.84637
15,43,114.953445,465.20224
15,44,115.62124,469.77515
16,0,122.17534,21.256046
16,1,122.085175,29.829336
16,2,122.02248,39.963196
16,3,122.00385,50.310024
16,4,121.82968,63.358105
16,5,121.164795,70.15999
16,6,121.89525,80.8259
16,7,122.24658,91.38151
16,8,122.30318,101.04395
16,9,122.48253,110.29219
16,10,122.81714,120.95634
16,11,122.29069,131.47691
16,12,122.34706,141.9867
16,13,122.75001,151.89838
16,14,124.019554,161.05809
16,15,124.238106,172.19092
16,16,124.64179,183.16386
16,17,122.325714,192.0603
16,18,121.7317,201.87154
16,19,122.24739,210.05467
16,20,122.34457,218.51363
16,21,122.55711,234.1622
16,22,125.20162,247.61076
16,23,125.81413,254.76123
16,24,118.93238,255.34035
16,25,122.09501,274.8508
16,26,119.58796,284.0568
16,27,121.9512,295.85422
16,28,122.06017,306.40393
16,29,122.10083,315.28775
16,30,121.92901,326.5851
16,31,122.07443,337.3076
16,32,122.14649,344.15808
16,33,122.14025,357.8897
16,34,122.14216,368.34027
16,35,122.09049,378.81125
16,36,122.05042,388.90845
16,37,121.917816,398.5296
16,38,121.71232,409.53317
16,39,121.11284,420.45007
16,40,120.82485,429.77258
16,41,121.84569,439.3522
16,42,122.60553,450.56107
16,43,123.48212,459.41888
16,44,122.9628,469.77512
17,0,128.95193,19.688446
17,1,128.6299,29.792578
17,2,128.47365,39.966488
17,3,128.29784,49.864803
17,4,127.695526,62.549404
17,5,128.47952,71.481094
17,6,128.27625,80.78483
17,7,128.91948,92.37929
17,8,128.4604,101.18835
17,9,127.8973,109.71263
17,10,128.68886,121.024864
17,11,128.56558,131.4879
17,12,128.65034,143.37317
17,13,128.83221,151.97752
17,14,131.83643,165.18436
17,15,132.15475,176.22066
17,16,125.27008,180.26268
17,17,128.97046,196.67815
17,18,131.19354,205.01654
17,19,124.99972,212.96336
17,20,124.74775,224.15646
17,21,128.82027,232.3749
17,22,129.27533,244.5207
17,23,130.63988,254.18164
17,24,128.4019,264.96185
17,25,128.08627,274.63196
17,26,128.66818,285.3563
17,27,128.76437,296.0663
17,28,128.80975,306.57788
17,29,128.89093,315.27258
17,30,128.7544,326.7421
17,31,128.59445,338.12885
17,32,122.60744,344.51062
17,33,127.56383,360.81656
17,34,127.173355,368.76486
17,35,128.18059,378.39398
17,36,128.4755,389.86362
17,37,128.48253,398.03662
17,38,128.36246,409.35464
17,39,127.40175,419.86606
17,40,128.45193,429.15182
17,41,128.53181,439.13205
17,42,128.57307,450.4295
17,43,128.59195,459.09467
17,44,128.60275,469.7751
18,0,137.44478,19.89996
18,1,135.11438,29.999329
18,2,134.8468,40.09957
18,3,134.69063,50.22254
18,4,134.2835,61.185917
18,5,133.47942,72.66645
18,6,134.12138,81.6082
18,7,134.43764,92.29277
18,8,134.55847,101.22432
18,9,134.51707,111.09079
18,10,133.77692,120.987434
18,11,135.2035,131.86989
18,12,134.84999,142.99393
18,13,134.91418,151.03448
18,14,135.86346,168.48187
18,15,134.7387,186.84045
18,16,132.12595,187.18329
18,17,136.97008,192.36812
18,18,136.63515,204.47295
18,19,136.39925,213.98276
18,20,135.59808,223.36246
18,21,134.69374,232.82741
18,22,135.38605,245.11177
18,23,137.50911,256.0764
18,24,135.1254,267.61026
18,25,135.1462,274.9255
18,26,135.16563,285.89642
18,27,135.27989,296.4744
18,28,135.49567,306.91876
18,29,135.66751,316.67767
18,30,135.33469,327.06268
18,31,134.41383,339.23984
18,32,132.26903,347.4362
18,33,133.5932,360.78683
18,34,133.45625,369.94775
18,35,136.84242,378.51752
18,36,134.95348,389.18665
18,37,134.32587,396.46698
18,38,134.37585,409.04837
18,39,134.56255,419.36356
18,40,134.77336,429.08447
18,41,134.87794,439.16284
18,42,134.92476,449.81824
18,43,134.94855,459.0028
18,44,134.96362,469.77505
19,0,143.39621,19.733416
19,1,142.24313,32.493656
19,2,141.34,40.70756
19,3,141.22234,50.289146
19,4,140.59787,60.419964
19,5,140.52083,71.48326
19,6,138.26297,84.78759
19,7,140.81221,92.72324
19,8,140.96257,101.14398
19,9,140.58543,111.40989
19,10,140.3577,120.90903
19,11,139.64247,134.24539
19,12,140.38525,143.07437
19,13,140.26535,151.51779
19,14,139.00462,165.77614
19,15,141.2665,174.01384
19,16,141.58365,185.90906
19,17,141.93137,193.10295
19,18,141.65868,205.08469
19,19,141.61737,214.1962
19,20,141.77122,226.56912
19,21,140.78621,235.00084
19,22,140.20349,249.81096
19,23,141.60246,255.21237
19,24,141.51167,266.30768
19,25,140.81596,273.13232
19,26,140.78793,285.9497
19,27,141.50278,298.23044
19,28,141.5593,307.86038
19,29,141.59392,317.08017
19,30,141.90514,327.7066
19,31,140.18729,341.54178
19,32,141.12761,348.08707
19,33,140.80226,357.93817
19,34,141.23361,367.57697
19,35,141.02342,378.4227
19,36,140.4114,388.5123
19,37,141.23845,398.4273
19,38,141.2457,408.80322
19,39,141.2495,418.91327
19,40,141.29501,429.08148
19,41,141.34833,439.18314
19,42,141.37094,449.64645
19,43,141.38313,459.20273
19,44,141.39029,469.77502
20,0,147.65416,19.910099
20,1,147.77332,29.573797
20,2,147.49019,41.407375
20,3,147.25046,51.222443
20,4,147.09064,60.01732
20,5,147.07497,71.247246
20,6,146.91458,81.74754
20,7,147.26228,92.17919
20,8,147.42638,100.910576
20,9,147.34691,111.37274
20,10,147.04337,120.67959
20,11,145.98802,134.48242
20,12,145.44344,143.2484
20,13,145.59412,151.094
20,14,147.2285,163.74776
20,15,148.02881,171.27612
20,16,147.90906,184.53645
20,17,148.89462,195.24394
20,18,148.96515,203.68195
20,19,148.69029,214.94109
20,20,151.85855,227.12674
20,21,148.6246,238.14888
20,22,148.32196,246.35344
20,23,148.33261,254.06528
20,24,147.75908,266.08115
20,25,145.71704,276.03513
20,26,146.1755,285.08865
20,27,144.97781,298.75516
20,28,145.74501,310.9458
20,29,149.20015,316.57745
20,30,147.952,329.2264
20,31,147.46883,334.79187
20,32,146.46724,342.08105
20,33,146.9629,352.71823
20,34,147.38199,366.82672
20,35,147.33385,378.3762
20,36,147.46541,388.44168
20,37,147.69931,398.68997
20,38,147.74902,408.62057
20,39,147.72018,418.86584
20,40,147.72084,429.07156
20,41,147.73712,439.18076
20,42,147.7515,449.55664
20,43,147.76152,459.31882
20,44,147.76811,469.77502
21,0,154.6049,24.299839
21,1,153.75433,27.61044
21,2,153.5772,40.0875
21,3,152.92747,51.614
21,4,154.1129,60.232216
21,5,153.90138,71.202995
21,6,153.86691,81.281136
21,7,153.8784,91.727905
21,8,154.27759,101.46563
21,9,154.20134,111.84148
21,10,153.8195,120.033134
21,11,153.45415,132.70218
21,12,153.07668,142.53197
21,13,152.85193,147.61766
21,14,153.5262,163.10553
21,15,150.3649,171.12611
21,16,152.97656,183.7507
21,17,155.38263,193.38695
21,18,155.6773,202.39384
21,19,154.06401,213.87857
21,20,152.32146,225.71237
21,21,152.98349,242.75621
21,22,153.89848,245.16826
21,23,155.27702,253.09071
21,24,153.80725,265.74976
21,25,147.77368,274.5998
21,26,153.20317,285.0579
21,27,154.40833,295.26062
21,28,154.55826,306.20587
21,29,153.9042,316.27725
21,30,153.8032,327.5756
21,31,153.83977,335.38586
21,32,153.45903,347.52942
21,33,152.57639,356.90292
21,34,153.521,366.87003
21,35,153.94777,378.6292
21,36,154.16978,388.48593
21,37,154.41277,398.64056
21,38,154.34566,408.45142
21,39,154.20999,418.83435
21,40,154.16974,429.0599
21,41,154.16225,439.17163
21,42,154.15367,449.50284
21,43,154.1669,459.37973
21,44,154.16975,469.77502
22,0,160.54941,18.861588
22,1,159.58961,28.024645
22,2,157.94594,37.783173
22,3,159.86803,49.296852
22,4,160.26405,60.300156
22,5,160.69048,71.34773
22,6,161.13712,80.96924
22,7,160.89612,91.53941
22,8,160.75229,105.627846
22,9,160.40796,110.79215
22,10,158.15614,119.09312
22,11,159.96259,131.12943
22,12,159.71461,141.5113
22,13,159.15791,150.40254
22,14,160.42122,162.45483
22,15,160.69916,171.91914
22,16,161.4864,182.92117
22,17,161.37619,197.65341
22,18,161.40797,201.40092
22,19,160.35959,214.8774
22,20,160.25056,228.13562
22,21,152.37872,237.70418
22,22,163.33325,244.87694
22,23,162.40857,254.46657
22,24,161.23923,265.32794
22,25,160.53465,274.60303
22,26,160.4523,286.2563
22,27,161.42949,293.80823
22,28,161.3105,298.66888
22,29,160.34837,316.50748
22,30,160.35118,326.94168
22,31,160.88838,336.8898
22,32,160.47548,348.35413
22,33,159.7546,358.23972
22,34,158.78949,370.39328
22,35,160.34976,381.09244
22,36,160.94154,388.6367
22,37,161.45741,398.7018
22,38,160.83664,408.37436
22,39,160.58023,418.8153
22,40,160.53168,429.05197
22,41,160.52081,439.1622
22,42,160.52121,449.4676
22,43,160.5246,459.41473
22,44,160.52861,469.77502
23,0,166.87912,18.684597
23,1,161.98752,27.555462
23,2,166.943,37.46604
23,3,166.38228,50.15507
23,4,166.56271,60.042267
23,5,166.61702,71.018394
23,6,166.69049,80.69387
23,7,166.76106,90.98006
23,8,166.66284,103.18284
23,9,167.33188,110.66319
23,10,167.06776,118.44582
23,11,167.0888,126.31568
23,12,166.752,141.61336
23,13,166.91173,151.98517
23,14,167.27318,162.39874
23,15,167.86171,170.63687
23,16,168.36018,182.12325
23,17,167.36539,195.58185
23,18,167.30188,200.48885
23,19,169.78993,216.3794
23,20,166.40683,226.3708
23,21,167.37544,235.46785
23,22,170.8652,246.19072
23,23,168.97678,253.6354
23,24,165.94539,264.73892
23,25,169.26587,276.20438
23,26,166.95404,287.00928
23,27,167.08192,294.34192
23,28,165.8225,313.34695
23,29,166.96481,316.43155
23,30,167.45575,327.54886
23,31,168.26247,333.48755
23,32,165.26215,347.98447
23,33,166.38472,357.72266
23,34,165.92917,367.4794
23,35,166.51811,379.54257
23,36,167.11725,388.89282
23,37,166.898,398.7876
23,38,166.92761,409.40094
23,39,166.94046,418.80698
23,40,166.94197,429.05035
23,41,166.94078,439.15454
23,42,166.94044,449.4427
23,43,166.94084,459.43686
23,44,166.94164,469.77505
24,0,173.60881,18.372726
24,1,173.26982,28.635132
24,2,171.98532,36.144844
24,3,172.19455,47.871113
24,4,170.96866,59.155178
24,5,171.73116,70.49306
24,6,172.39806,80.800674
24,7,173.01894,91.03409
24,8,173.25941,101.2663
24,9,173.86826,113.603004
24,10,173.37862,123.36059
24,11,173.06227,127.02132
24,12,173.91205,141.34149
24,13,174.67499,153.71967
24,14,174.25711,162.22928
24,15,173.4952,169.14441
24,16,174.13062,182.73744
24,17,175.27866,193.37814
24,18,174.28613,201.80666
24,19,175.19127,214.78497
24,20,174.61711,224.29562
24,21,174.95276,240.0287
24,22,174.0481,246.56992
24,23,173.65924,252.84207
24,24,173.58302,265.04544
24,25,172.79921,276.83826
24,26,173.05586,287.0039
24,27,173.29355,295.06244
24,28,173.44556,304.9629
24,29,173.13469,316.54764
24,30,172.41223,329.97525
24,31,172.27817,338.0573
24,32,172.36896,348.56723
24,33,172.078,357.26965
24,34,172.36955,368.4855
24,35,172.77412,378.88846
24,36,172.85425,388.70554
24,37,172.71713,398.66208
24,38,173.91122,408.9442
24,39,173.35919,418.81046
24,40,173.3801,429.0576
24,41,173.38022,439.1496
24,42,173.37593,449.42447
24,43,173.37154,459.45166
24,44,173.36769,469.7751
25,0,181.75836,18.870506
25,1,182.13588,29.141367
25,2,179.70319,38.97661
25,3,178.58833,50.84941
25,4,178.80745,60.48757
25,5,178.5898,70.73235
25,6,175.89886,79.485054
25,7,178.90178,91.2084
25,8,180.10445,99.804276
25,9,180.21451,111.926186
25,10,179.57382,121.09661
25,11,179.54475,127.68774
25,12,180.34067,141.13052
25,13,181.6435,153.01273
25,14,182.01329,162.21553
25,15,180.98676,171.27718
25,16,180.83344,183.03383
25,17,181.80241,197.45438
25,18,179.9723,202.69955
25,19,180.12682,217.63364
25,20,178.40211,222.53606
25,21,179.95505,235.35956
25,22,180.2001,245.40172
25,23,179.83742,254.62173
25,24,179.50092,265.19476
25,25,178.86655,275.35614
25,26,179.4722,287.45374
25,27,180.19144,296.77182
25,28,179.21048,304.6237
25,29,179.78046,316.45157
25,30,178.19357,332.516
25,31,179.47069,337.2725
25,32,179.50648,348.29135
25,33,179.14708,359.9097
25,34,179.01324,368.25986
25,35,178.84917,378.42184
25,36,179.24695,388.2364
25,37,179.45058,398.49323
25,38,179.69833,408.74243
25,39,179.77794,418.82968
25,40,179.77998,429.07727
25,41,179.77043,439.1485
25,42,179.76265,449.41083
25,43,179.75708,459.46176
25,44,179.75293,469.77515
26,0,188.69617,19.157753
26,1,186.02463,30.203278
26,2,185.50021,43.224926
26,3,185.31934,50.575085
26,4,185.52261,60.908386
26,5,185.53662,70.982185
26,6,185.42241,80.57896
26,7,185.44545,91.43961
26,8,185.36105,100.95418
26,9,185.7404,111.66651
26,10,186.10677,120.89322
26,11,186.2462,130.02692
26,12,186.74043,136.18239
26,13,187.63739,152.01572
26,14,186.61894,162.0269
26,15,186.08485,171.75798
26,16,186.10527,182.64914
26,17,186.18799,193.43504
26,18,186.32004,199.25252
26,19,185.88214,214.29361
26,20,186.20985,224.68687
26,21,187.18011,234.82756
26,22,187.23795,244.8838
26,23,186.32983,257.071
26,24,186.14847,264.1816
26,25,185.93839,275.50024
26,26,185.52188,287.1098
26,27,185.58134,295.991
26,28,184.31006,301.00897
26,29,185.64258,316.36136
26,30,185.46797,326.3626
26,31,185.51721,337.84836
26,32,185.50955,348.21506
26,33,185.78914,357.34158
26,34,185.86942,367.7105
26,35,185.98015,378.58942
26,36,186.04474,388.17352
26,37,186.10147,398.3051
26,38,186.24055,408.83154
26,39,186.2583,418.9525
26,40,186.20207,429.11652
26,41,186.15622,439.1551
26,42,186.15865,449.40054
26,43,186.15053,459.46906
26,44,186.14532,469.77527
27,0,192.66249,19.305288
27,1,191.12804,30.966656
27,2,190.74648,42.811066
27,3,191.2616,49.552402
27,4,192.17932,60.924015
27,5,192.29375,70.8778
27,6,192.80598,81.25564
27,7,192.92642,91.22312
27,8,193.0691,101.23316
27,9,192.64621,111.37591
27,10,192.44804,120.39619
27,11,191.56787,130.27502
27,12,192.62416,140.4219
27,13,196.80324,150.18416
27,14,192.83012,161.92693
27,15,192.41039,172.14868
27,16,191.96078,182.67938
27,17,191.64085,193.32758
27,18,191.83925,203.41048
27,19,192.4935,213.72636
27,20,192.91194,225.45872
27,21,193.21715,235.52135
27,22,193.25734,246.93332
27,23,193.09215,255.75041
27,24,192.88927,262.1727
27,25,193.60406,273.0403
27,26,191.75253,288.2814
27,27,192.16124,296.36246
27,28,192.12056,306.14627
27,29,192.11617,315.32687
27,30,192.07199,325.42902
27,31,191.7123,339.15033
27,32,191.84573,347.44513
27,33,192.29431,355.49005
27,34,193.73433,367.5282
27,35,193.07742,379.01636
27,36,192.30956,388.41748
27,37,192.4362,398.27368
27,38,192.90022,409.33588
27,39,192.7891,419.04095
27,40,192.63982,429.1863
27,41,192.59084,439.47827
27,42,192.56985,449.39282
27,43,192.55815,459.47418
27,44,192.55072,469.77545
28,0,198.60292,19.561422
28,1,197.34157,33.297104
28,2,197.45355,37.699593
28,3,197.0526,45.648098
28,4,198.45312,60.337112
28,5,198.72095,70.358826
28,6,199.41927,81.43005
28,7,198.92966,90.42585
28,8,199.20404,102.04794
28,9,198.24763,111.235214
28,10,198.52415,118.87269
28,11,198.75793,129.40054
28,12,198.59862,141.10095
28,13,198.90495,151.32828
28,14,199.02109,161.79366
28,15,199.06938,172.47978
28,16,198.74577,183.14746
28,17,198.41528,193.86269
28,18,199.22588,206.13884
28,19,199.15471,213.66718
28,20,200.59563,226.66193
28,21,200.28586,237.07828
28,22,199.50322,246.55635
28,23,199.00595,258.33438
28,24,197.93185,265.1606
28,25,198.53162,276.27118
28,26,198.48798,287.12827
28,27,199.10976,297.08322
28,28,198.5748,307.0539
28,29,198.1589,314.05048
28,30,197.1778,326.79266
28,31,198.0114,338.6702
28,32,198.93053,347.6304
28,33,198.6438,359.33905
28,34,198.65479,367.59
28,35,198.6529,378.7817
28,36,198.5254,387.91522
28,37,198.72118,398.3242
28,38,198.9814,409.86914
28,39,199.04942,419.23773
28,40,198.9958,429.2873
28,41,198.92926,440.07556
28,42,198.907,449.38736
28,43,198.89728,459.4778
28,44,198.89275,469.77573
29,0,204.741,19.623198
29,1,204.51514,30.181616
29,2,202.85744,36.585773
29,3,204.40439,48.789337
29,4,204.68729,60.230797
29,5,204.39189,69.893295
29,6,203.50763,80.38037
29,7,204.49995,90.27744
29,8,204.51666,100.28593
29,9,205.67361,109.891075
29,10,204.07372,117.16425
29,11,204.72047,129.39839
29,12,205.3631,141.66255
29,13,205.53333,152.07025
29,14,205.62079,157.57898
29,15,206.51755,171.15347
29,16,205.78372,182.43929
29,17,205.26733,192.95009
29,18,205.34041,205.00923
29,19,205.98727,213.50064
29,20,206.05762,225.60037
29,21,205.87727,239.55153
29,22,206.16783,247.51248
29,23,206.8751,255.63362
29,24,205.44359,267.20325
29,25,204.57791,277.88614
29,26,204.52907,286.63437
29,27,205.63812,297.08414
29,28,205.37604,311.42557
29,29,204.88298,317.08853
29,30,204.50313,327.46228
29,31,204.58995,338.10187
29,32,204.84142,347.6024
29,33,204.61047,358.58157
29,34,204.95798,367.69217
29,35,205.74324,377.83536
29,36,205.49228,388.06168
29,37,205.45187,398.46387
29,38,205.67227,409.16257
29,39,205.9273,419.85175
29,40,205.852,429.336
29,41,202.19229,443.01196
29,42,205.25778,449.3837
29,43,205.30624,459.4802
29,44,205.30896,469.77606
30,0,211.4398,19.665943
30,1,211.01105,29.360952
30,2,211.22739,38.83539
30,3,211.41145,45.881565
30,4,211.81279,59.68867
30,5,212.69368,67.74606
30,6,211.71274,80.29488
30,7,211.87444,90.28787
30,8,212.10646,99.79098
30,9,212.43723,114.33361
30,10,209.79622,118.65462
30,11,208.95703,127.937584
30,12,212.00478,141.8562
30,13,211.27695,152.40088
30,14,211.54353,161.93507
30,15,212.80144,173.51778
30,16,211.7355,181.90991
30,17,209.98756,191.46417
30,18,211.13788,203.62938
30,19,208.72298,214.1416
30,20,212.53479,225.74771
30,21,212.20479,237.42067
30,22,212.68439,247.88448
30,23,213.78438,259.031
30,24,212.04529,265.63876
30,25,212.27994,276.05447
30,26,211.54483,287.28937
30,27,211.96695,297.41638
30,28,211.64052,310.0501
30,29,211.92734,317.78506
30,30,211.78372,327.94183
30,31,210.07375,341.1006
30,32,211.36185,347.90677
30,33,212.7835,357.87933
30,34,212.59212,367.8477
30,35,214.26997,376.89734
30,36,212.28929,388.37442
30,37,211.94382,398.83337
30,38,211.83305,409.1673
30,39,212.39824,421.1714
30,40,211.36292,429.2589
30,41,211.63124,439.60095
30,42,211.6674,449.38184
30,43,211.67598,459.48163
30,44,211.6783,469.7766
31,0,218.43095,19.680641
31,1,219.02637,29.688011
31,2,218.21516,38.83138
31,3,217.96628,48.40769
31,4,213.87546,56.30974
31,5,217.34781,68.89779
31,6,217.52118,79.918
31,7,218.26245,90.47787
31,8,218.3108,99.364685
31,9,217.37022,112.268974
31,10,218.78726,123.58441
31,11,215.40276,130.8669
31,12,217.46806,142.09879
31,13,217.62094,152.58176
31,14,217.96997,162.91432
31,15,217.916,172.39027
31,16,217.82144,183.48228
31,17,217.62633,192.74936
31,18,217.64919,202.50565
31,19,218.69505,213.4491
31,20,218.30046,224.6398
31,21,219.2225,237.16356
31,22,220.44014,247.23495
31,23,218.15529,259.94016
31,24,218.9759,266.51242
31,25,218.83214,274.54868
31,26,217.50055,287.55362
31,27,218.08377,296.4473
31,28,218.16072,306.40927
31,29,218.12381,317.65613
31,30,218.1715,329.22165
31,31,217.31384,338.76688
31,32,218.7485,347.72858
31,33,218.42802,357.3318
31,34,219.13214,368.21744
31,35,219.29227,371.77164
31,36,218.78792,389.0304
31,37,216.04561,399.96017
31,38,218.2168,408.89038
31,39,217.97389,419.50693
31,40,218.1845,429.14832
31,41,218.15213,439.34943
31,42,218.14816,449.38187
31,43,218.13919,459.4822
31,44,218.13016,469.7774
32,0,224.84966,19.612236
32,1,224.80954,30.443855
32,2,224.70203,39.357193
32,3,224.69466,49.564568
32,4,224.28653,59.832623
32,5,224.04266,69.238396
32,6,225.14174,79.321205
32,7,225.13354,90.50412
32,8,224.99342,101.02091
32,9,224.04962,112.12583
32,10,223.85808,122.08135
32,11,223.25783,131.60466
32,12,224.04012,142.50941
32,13,224.31473,152.65976
32,14,224.48949,163.17667
32,15,223.81262,172.8694
32,16,224.393,191.20325
32,17,223.82562,192.88788
32,18,222.4223,199.28592
32,19,223.06061,213.79929
32,20,223.87134,223.65948
32,21,226.27919,241.5452
32,22,224.70383,246.91922
32,23,226.55426,253.30882
32,24,225.61195,270.06335
32,25,224.77478,275.17227
32,26,224.35655,285.85587
32,27,224.96863,296.55304
32,28,224.7125,307.0079
32,29,224.4945,317.49283
32,30,224.11093,328.85867
32,31,225.33353,337.3479
32,32,224.64708,347.56128
32,33,224.83548,357.70584
32,34,223.3827,366.53046
32,35,225.12256,376.19522
32,36,224.84917,388.6147
32,37,224.60074,399.02097
32,38,224.53262,408.44415
32,39,224.42525,418.94476
32,40,224.44893,429.08145
32,41,224.46135,439.13223
32,42,224.46268,449.3842
32,43,224.46117,459.48196
32,44,224.45898,469.77847
33,0,230.97491,19.221905
33,1,229.59329,31.178907
33,2,230.70671,38.93048
33,3,231.55177,49.54692
33,4,231.26633,59.694782
33,5,231.19382,69.772995
33,6,228.52617,76.026955
33,7,230.74982,90.174095
33,8,232.44125,106.89452
33,9,228.55061,112.42345
33,10,229.55421,123.381325
33,11,230.12189,131.44298
33,12,230.58359,142.87622
33,13,231.09535,152.50728
33,14,232.65692,163.51355
33,15,231.26855,172.88284
33,16,230.96986,184.02197
33,17,230.62433,192.66992
33,18,229.95886,203.06647
33,19,229.95465,214.30142
33,20,229.43877,223.08502
33,21,229.81343,234.84274
33,22,230.72746,247.41766
33,23,229.06044,262.09967
33,24,232.64462,269.50748
33,25,232.67169,285.10568
33,26,231.41377,286.40668
33,27,231.31793,296.87485
33,28,231.07063,307.18488
33,29,230.07574,317.64545
33,30,231.1043,326.81494
33,31,232.47725,337.05014
33,32,231.19559,347.44348
33,33,231.09836,357.87256
33,34,231.67299,369.59003
33,35,231.8201,382.70053
33,36,231.7056,388.37866
33,37,231.34332,398.58966
33,38,231.27824,408.06094
33,39,231.07614,418.6198
33,40,230.98103,429.04208
33,41,230.94563,439.14087
33,42,230.9261,449.38943
33,43,230.89482,459.48105
33,44,230.90001,469.78012
34,0,234.49127,19.083145
34,1,236.72142,26.740845
34,2,234.9698,37.75878
34,3,237.43489,49.249187
34,4,237.3845,59.725903
34,5,237.34236,69.98579
34,6,237.54004,78.734055
34,7,234.61209,88.49547
34,8,236.15117,101.0124
34,9,238.32785,113.36624
34,10,236.91148,122.193794
34,11,235.4539,129.18706
34,12,237.63171,142.29755
34,13,237.77956,151.38156
34,14,238.78186,161.90569
34,15,237.55086,173.02782
34,16,236.64484,183.67593
34,17,236.72998,192.64713
34,18,236.5809,203.52917
34,19,236.55049,214.28362
34,20,236.56903,223.78374
34,21,236.76442,235.50687
34,22,239.19283,249.26523
34,23,236.81471,255.74742
34,24,237.45555,266.86374
34,25,239.9977,281.75607
34,26,238.12851,288.51666
34,27,238.44046,296.83984
34,28,237.94522,307.26993
34,29,238.31107,319.66074
34,30,238.5537,325.43683
34,31,237.81819,336.95425
34,32,237.6324,347.42773
34,33,237.4786,357.7966
34,34,237.52797,369.8852
34,35,237.34935,379.70514
34,36,237.59735,388.36774
34,37,237.81284,398.54782
34,38,238.44646,406.29004
34,39,237.54712,418.42816
34,40,237.36848,429.02377
34,41,237.31038,439.15182
34,42,237.28365,449.399
34,43,237.26851,459.47937
34,44,237.25842,469.78256
35,0,244.79738,19.972584
35,1,244.06975,28.476053
35,2,243.746,38.69779
35,3,245.83017,44.22898
35,4,244.03186,60.00514
35,5,243.76808,70.13176
35,6,243.50598,78.5665
35,7,243.06995,90.2756
35,8,243.26106,100.923035
35,9,244.36482,112.50778
35,10,243.69785,121.95692
35,11,243.67407,131.74727
35,12,243.7772,141.6858
35,13,244.06332,151.51195
35,14,245.11139,159.83902
35,15,244.16083,173.16682
35,16,243.51797,183.6245
35,17,243.35553,193.11607
35,18,242.90968,203.76012
35,19,243.13174,214.58525
35,20,243.29594,221.97404
35,21,243.59,235.88503
35,22,243.04285,245.96535
35,23,242.08736,254.93846
35,24,243.48973,266.38513
35,25,243.8081,275.35846
35,26,243.43196,288.68137
35,27,244.48247,295.6276
35,28,243.82304,307.50073
35,29,241.9746,319.32812
35,30,243.93285,326.27557
35,31,244.2027,337.0454
35,32,244.02727,347.3825
35,33,243.76144,357.7661
35,34,243.61795,369.55573
35,35,243.4243,378.13107
35,36,244.0486,388.44452
35,37,244.4127,398.68167
35,38,243.92503,407.27002
35,39,243.76492,418.3889
35,40,243.71555,429.02124
35,41,243.69064,439.16458
35,42,243.67465,449.41544
35,43,243.66348,459.47705
35,44,243.65494,469.78635
36,0,253.69708,19.975706
36,1,250.86806,25.979607
36,2,250.88379,38.98285
36,3,250.8187,48.37607
36,4,250.3937,60.907845
36,5,250.2292,70.30303
36,6,250.06429,80.15582
36,7,249.95566,90.72361
36,8,250.02322,101.23993
36,9,250.1875,112.37541
36,10,247.62888,115.36336
36,11,250.09895,132.27036
36,12,250.38666,141.1096
36,13,254.1706,151.60825
36,14,250.86098,160.92902
36,15,251.07387,173.8763
36,16,250.16109,183.54863
36,17,249.90543,193.24068
36,18,249.61093,203.92593
36,19,249.16592,214.66899
36,20,248.06448,221.48329
36,21,249.37645,238.01685
36,22,249.37947,244.98802
36,23,249.4151,253.92468
36,24,249.1603,264.9
36,25,248.50523,277.2012
36,26,248.2553,288.00854
36,27,249.50044,294.53284
36,28,249.15038,307.53592
36,29,249.00098,316.02722
36,30,250.30453,326.87848
36,31,250.88785,337.4591
36,32,250.80664,347.47122
36,33,250.18707,357.74854
36,34,250.00644,368.71252
36,35,252.47168,380.28705
36,36,250.01903,388.41772
36,37,250.456,398.94626
36,38,250.66411,407.9776
36,39,250.19856,418.4765
36,40,250.11693,429.03397
36,41,250.08266,439.17392
36,42,250.0621,449.44452
36,43,250.04831,459.4741
36,44,250.03815,469.7924
37,0,258.7962,19.72847
37,1,257.6274,24.12924
37,2,256.79947,38.79048
37,3,256.69315,49.879074
37,4,256.57855,64.33844
37,5,256.35214,71.53065
37,6,255.69934,80.515724
37,7,256.19012,90.86936
37,8,256.27167,101.312546
37,9,258.4663,112.39712
37,10,255.39757,120.68697
37,11,252.31377,128.0344
37,12,256.22147,139.09352
37,13,259.47913,151.07997
37,14,257.3731,161.3543
37,15,261.6359,176.43657
37,16,256.8607,183.66093
37,17,256.54346,193.21855
37,18,256.3915,204.0348
37,19,256.13583,214.74796
37,20,256.11887,223.82738
37,21,255.56175,233.45534
37,22,256.36606,243.9571
37,23,254.2695,250.44754
37,24,256.3955,267.78787
37,25,256.36465,277.63626
37,26,257.23593,287.0965
37,27,255.64815,291.6421
37,28,255.37538,306.7706
37,29,255.99187,316.53494
37,30,256.3204,327.37183
37,31,255.8902,338.57474
37,32,256.22028,347.59244
37,33,256.19083,357.7219
37,34,255.78899,368.22375
37,35,255.6475,377.58133
37,36,256.10095,388.2901
37,37,256.28543,398.82172
37,38,256.9886,408.1845
37,39,256.28125,418.57135
37,40,256.16687,429.0667
37,41,256.25488,439.11816
37,42,256.48785,449.50247
37,43,256.41858,459.47104
37,44,256.3921,469.80258
38,0,264.07007,17.717884
38,1,263.61438,29.070934
38,2,262.62732,39.47276
38,3,263.11118,50.105648
38,4,263.58273,60.968086
38,5,263.42,70.137405
38,6,263.21338,80.75483
38,7,262.9828,90.974655
38,8,262.51508,101.46332
38,9,262.23447,112.53603
38,10,262.35706,118.31668
38,11,262.20825,134.6513
38,12,261.77084,139.45262
38,13,263.40558,151.54637
38,14,263.57422,156.06822
38,15,263.6049,174.33426
38,16,263.28903,183.59361
38,17,263.40536,192.0228
38,18,263.1102,203.85527
38,19,263.16803,214.79224
38,20,263.08698,222.74345
38,21,261.08014,233.45407
38,22,262.16623,244.01543
38,23,261.12665,253.75243
38,24,261.834,266.37653
38,25,261.67978,274.4779
38,26,261.81036,288.65125
38,27,262.10385,294.21823
38,28,262.5502,306.06735
38,29,264.38614,317.2364
38,30,259.786,327.13428
38,31,263.65192,345.76633
38,32,263.0285,348.35208
38,33,261.76038,358.4462
38,34,262.70547,367.8546
38,35,262.74664,377.63666
38,36,262.80115,388.29083
38,37,262.8223,398.52942
38,38,262.80777,408.4303
38,39,262.77103,418.664
38,40,262.59308,429.12738
38,41,262.34348,439.52643
38,42,262.99475,449.63895
38,43,262.83624,459.46936
38,44,262.80545,469.82092
39,0,270.2646,17.151133
39,1,270.22736,29.405315
39,2,269.52765,41.506462
39,3,270.06494,50.194965
39,4,269.61194,60.37997
39,5,269.5166,69.98685
39,6,269.61163,80.92531
39,7,269.50574,90.85033
39,8,269.22958,101.46383
39,9,268.86795,114.336205
39,10,267.43094,121.86714
39,11,266.55072,135.10129
39,12,267.3681,141.42789
39,13,268.6506,151.35008
39,14,268.45413,160.05157
39,15,269.38135,172.86249
39,16,269.6319,182.48022
39,17,269.4615,192.70576
39,18,269.2688,203.6201
39,19,268.98666,214.95764
39,20,268.50803,224.02414
39,21,268.28168,234.3856
39,22,268.9064,244.30414
39,23,268.9288,253.98933
39,24,268.22504,266.6852
39,25,263.73254,276.14148
39,26,267.91617,286.69778
39,27,268.28564,296.61978
39,28,266.79968,305.08963
39,29,269.8406,316.83865
39,30,269.46613,326.289
39,31,271.94495,340.71463
39,32,270.12924,348.7181
39,33,269.3232,362.86075
39,34,269.26672,367.5777
39,35,269.25793,377.69818
39,36,269.3338,388.46756
39,37,269.30066,398.42877
39,38,269.21982,408.52383
39,39,269.149,418.71698
39,40,269.00583,429.22073
39,41,269.0496,440.64304
39,42,269.51593,450.11926
39,43,269.40134,459.47473
39,44,269.24686,469.85764
40,0,276.0527,18.642542
40,1,276.76678,29.521425
40,2,275.62332,40.493645
40,3,275.7144,50.23919
40,4,275.76636,60.40653
40,5,275.85986,70.34453
40,6,276.36682,81.14437
40,7,276.13153,90.733986
40,8,275.63535,101.530876
40,9,274.98245,113.80095
40,10,275.26376,123.080215
40,11,275.29398,132.86418
40,12,275.5839,142.28517
40,13,275.63336,152.7471
40,14,275.154,156.58783
40,15,276.92526,172.89241
40,16,276.10605,181.9806
40,17,276.8186,188.19556
40,18,275.58646,203.67854
40,19,275.48227,215.26772
40,20,274.079,226.23776
40,21,274.98163,239.3039
40,22,275.5086,244.94917
40,23,273.84244,255.16057
40,24,273.74625,264.83
40,25,271.77695,277.18716
40,26,273.79532,284.48257
40,27,273.91354,295.659
40,28,274.28586,306.1047
40,29,274.36017,317.0093
40,30,275.15115,326.3458
40,31,275.59116,337.17838
40,32,276.6512,348.20276
40,33,277.2706,360.1666
40,34,275.9562,367.19113
40,35,275.82016,377.6897
40,36,276.24612,389.26828
40,37,275.92313,398.4384
40,38,275.68747,408.61237
40,39,275.67297,418.98764
40,40,275.59082,429.28137
40,41,274.73102,444.7819
40,42,275.72626,450.7095
40,43,276.0403,459.51578
40,44,275.67865,470.17938
41,0,282.44986,19.8747
41,1,279.83826,31.561134
41,2,281.85437,39.971428
41,3,281.8723,50.28397
41,4,281.9094,60.536713
41,5,281.9255,70.649254
41,6,281.9809,81.36458
41,7,281.9953,91.14193
41,8,281.85245,101.599205
41,9,281.58682,112.73838
41,10,281.49448,123.04024
41,11,281.6897,133.21082
41,12,281.97314,142.18442
41,13,281.79175,151.95416
41,14,282.41815,158.28316
41,15,282.0425,172.96251
41,16,281.05875,183.8618
41,17,281.95013,191.53423
41,18,281.94098,204.04207
41,19,282.0434,215.28395
41,20,282.01556,225.47105
41,21,281.8658,235.23625
41,22,281.59674,244.78911
41,23,279.7811,253.92056
41,24,281.43222,265.36093
41,25,281.06573,276.6225
41,26,281.0059,283.6791
41,27,281.13766,295.13797
41,28,281.1829,306.8717
41,29,281.1819,316.47098
41,30,279.95,325.01382
41,31,281.5366,335.8692
41,32,282.1831,348.25272
41,33,282.12524,358.91797
41,34,282.38345,366.5958
41,35,281.97775,377.64856
41,36,282.649,389.34796
41,37,282.12247,398.61322
41,38,281.91003,408.7093
41,39,281.66425,419.04926
41,40,280.7258,429.22705
41,41,281.72375,440.29095
41,42,281.91428,449.60522
41,43,283.58286,460.23953
41,44,281.96237,470.60608
42,0,288.22507,14.356816
42,1,289.7216,31.716496
42,2,289.4767,39.733715
42,3,288.60684,50.338264
42,4,288.4843,60.759876
42,5,288.43954,70.88796
42,6,288.4407,81.669014
42,7,288.5377,91.56225
42,8,288.20407,101.74064
42,9,288.37518,112.168205
42,10,289.1217,120.07078
42,11,287.98267,134.55876
42,12,286.92282,142.96783
42,13,285.07025,150.51723
42,14,288.56516,163.62633
42,15,286.55017,173.85103
42,16,285.57382,184.73477
42,17,289.55722,192.35493
42,18,287.92554,205.37686
42,19,288.69543,215.29193
42,20,288.79385,226.08691
42,21,288.70105,234.32938
42,22,288.68634,245.09633
42,23,289.8301,249.08711
42,24,287.33252,262.3198
42,25,286.74954,274.85428
42,26,286.97568,281.85104
42,27,287.71262,295.28842
42,28,288.50705,305.88324
42,29,287.96542,316.99866
42,30,287.04752,327.82135
42,31,287.6772,335.5361
42,32,287.4056,347.17816
42,33,286.69547,358.42603
42,34,288.35162,367.0575
42,35,288.32074,377.70398
42,36,288.5505,388.39066
42,37,288.51578,399.64816
42,38,288.52087,408.94818
42,39,288.2787,418.89462
42,40,288.054,429.09512
42,41,288.2142,439.64465
42,42,288.32382,449.1124
42,43,288.49234,459.72748
42,44,291.50388,474.77945
43,0,295.25415,22.139906
43,1,294.7549,31.354227
43,2,294.09335,39.79415
43,3,294.5853,50.406754
43,4,294.77222,60.889324
43,5,294.88477,70.98127
43,6,295.16058,82.16958
43,7,295.21167,91.806885
43,8,294.55902,101.907646
43,9,294.16638,111.70007
43,10,293.84818,124.201355
43,11,292.81152,134.79308
43,12,291.69485,149.16931
43,13,294.29346,152.76022
43,14,294.60223,158.98465
43,15,294.57657,173.81961
43,16,294.7979,188.1248
43,17,294.97433,189.56961
43,18,294.61325,203.80585
43,19,295.0412,218.04437
43,20,294.75784,226.61389
43,21,294.4426,231.2412
43,22,295.02963,248.50218
43,23,294.76508,253.12428
43,24,294.8773,265.46033
43,25,296.70856,278.90723
43,26,293.81122,285.18207
43,27,293.64877,295.6283
43,28,293.86584,306.2486
43,29,294.25412,316.84473
43,30,294.36295,327.24667
43,31,291.75415,332.15137
43,32,293.99182,346.13403
43,33,294.28726,357.86343
43,34,295.42703,367.30795
43,35,294.74557,377.48145
43,36,295.50937,387.62335
43,37,294.55725,398.98853
43,38,295.4313,410.94122
43,39,294.85727,418.62326
43,40,294.74292,429.00952
43,41,294.7257,439.2754
43,42,294.73666,448.26395
43,43,294.76608,459.34174
43,44,294.8681,471.0215
44,0,301.224,25.223549
44,1,300.53787,29.73317
44,2,300.7282,40.03304
44,3,300.99167,50.495483
44,4,301.14523,60.9808
44,5,301.2077,71.14258
44,6,301.32715,82.58072
44,7,304.0815,89.857796
44,8,300.5284,101.89031
44,9,300.33267,110.44194
44,10,300.35117,122.79438
44,11,301.06003,132.90645
44,12,301.0927,143.78499
44,13,301.17157,152.54482
44,14,301.1784,163.40866
44,15,301.13086,172.89108
44,16,297.80438,188.30826
44,17,301.09778,192.94707
44,18,301.60904,203.93599
44,19,300.8915,216.52258
44,20,300.60165,226.28261
44,21,302.39307,233.46228
44,22,301.54202,245.05531
44,23,301.99417,254.24101
44,24,301.06125,265.53616
44,25,297.99457,278.032
44,26,300.80154,285.54846
44,27,301.02368,295.86887
44,28,300.84543,306.88336
44,29,300.76236,316.57416
44,30,300.63663,328.99902
44,31,300.41437,335.8217
44,32,299.81473,345.56763
44,33,300.77216,357.61533
44,34,301.84332,365.61835
44,35,301.0569,377.3398
44,36,301.03528,384.64572
44,37,301.066,398.24457
44,38,301.10248,409.7362
44,39,301.1228,418.54373
44,40,301.1292,428.9574
44,41,301.1208,439.20404
44,42,301.111,448.62662
44,43,301.10257,459.28754
44,44,301.0971,470.25192
45,0,309.1258,23.82209
45,1,307.52362,29.25198
45,2,307.77322,40.17737
45,3,307.76462,50.585552
45,4,307.76852,61.044075
45,5,307.73886,71.13474
45,6,307.63052,82.216255
45,7,307.40778,90.95089
45,8,304.53632,101.14654
45,9,304.98517,111.20464
45,10,307.21802,122.91107
45,11,307.8755,132.54395
45,12,310.2468,143.85806
45,13,308.45404,152.1012
45,14,307.95737,163.51112
45,15,307.3551,172.27899
45,16,307.67828,183.95233
45,17,307.8938,189.27608
45,18,308.06265,203.82556
45,19,307.25,215.246
45,20,307.23447,225.82741
45,21,308.17764,233.29733
45,22,307.3317,243.59506
45,23,307.73587,254.54546
45,24,307.30048,265.73355
45,25,307.52563,277.09232
45,26,307.67984,285.54886
45,27,310.10596,295.99228
45,28,305.35587,311.2721
45,29,307.0755,316.44766
45,30,306.95828,326.98737
45,31,306.55475,336.71805
45,32,306.37912,346.5964
45,33,306.9046,357.2067
45,34,307.1528,366.38785
45,35,307.3097,377.26617
45,36,307.39505,387.57733
45,37,307.4601,398.1518
45,38,307.5196,408.7577
45,39,307.56393,418.51382
45,40,307.56882,428.92493
45,41,307.54626,439.1631
45,42,307.5275,449.03995
45,43,307.51514,459.3219
45,44,307.50793,470.02695
46,0,314.0239,21.448545
46,1,316.40378,30.606436
46,2,313.85535,40.209724
46,3,313.96204,50.653454
46,4,314.02673,61.084595
46,5,314.04,70.942345
46,6,313.9476,82.15986
46,7,313.78354,91.33636
46,8,313.40863,101.7983
46,9,311.76898,111.01271
46,10,313.48257,123.4297
46,11,313.83786,131.7895
46,12,314.13437,144.1192
46,13,314.382,154.67044
46,14,314.13754,163.82008
46,15,313.62372,173.67606
46,16,313.679,182.24202
46,17,311.7649,193.55414
46,18,312.97015,205.30785
46,19,312.3697,216.25932
46,20,313.8254,225.24442
46,21,314.27145,234.29033
46,22,313.8915,243.6322
46,23,313.9967,255.56207
46,24,314.36343,267.19928
46,25,313.68463,276.34555
46,26,313.7993,285.5228
46,27,313.6183,297.1526
46,28,313.13684,306.47818
46,29,313.38998,316.39093
46,30,313.4088,326.83328
46,31,313.32886,336.36893
46,32,313.29697,346.97418
46,33,313.44122,357.46484
46,34,313.5928,366.03473
46,35,313.71957,377.26672
46,36,313.78836,387.84232
46,37,313.84537,398.1973
46,38,313.91904,408.6016
46,39,314.00357,418.7272
46,40,313.9878,428.90488
46,41,313.92557,439.13757
46,42,313.89142,449.17166
46,43,313.87402,459.36685
46,44,313.86505,469.7834
47,0,321.21536,22.584042
47,1,320.69635,30.764742
47,2,320.66092,40.135647
47,3,320.67712,50.736366
47,4,320.72784,61.13488
47,5,320.79178,70.7934
47,6,320.6611,82.302605
47,7,320.53683,91.3903
47,8,320.40417,101.77173
47,9,320.33902,111.800354
47,10,320.4658,125.70793
47,11,320.36603,132.14369
47,12,320.0192,146.55725
47,13,319.32382,154.7204
47,14,320.43723,163.21649
47,15,321.02682,174.17726
47,16,321.67358,182.8325
47,17,318.03696,200.77505
47,18,321.5668,207.26808
47,19,320.03137,213.70135
47,20,320.56607,225.73846
47,21,320.88342,233.85448
47,22,320.4055,243.43547
47,23,319.21744,254.65807
47,24,319.52505,265.72852
47,25,319.74304,275.48126
47,26,319.5083,285.51636
47,27,321.1261,294.02734
47,28,320.16107,305.70126
47,29,320.06918,316.37344
47,30,320.0063,326.79654
47,31,319.95593,336.7295
47,32,319.92526,347.16666
47,33,319.7686,357.5778
47,34,319.71808,366.63547
47,35,320.0867,377.30124
47,36,320.1787,388.011
47,37,320.25943,398.37125
47,38,320.3653,408.60648
47,39,320.62518,419.00314
47,40,320.50632,428.89273
47,41,320.35092,439.1213
47,42,320.30005,449.2297
47,43,320.27814,459.40195
47,44,320.2673,469.76785
48,0,326.8271,27.131804
48,1,328.04974,30.84705
48,2,327.52335,40.24841
48,3,327.2461,50.722412
48,4,327.23117,61.36446
48,5,327.70355,69.594955
48,6,326.91757,81.85942
48,7,326.749,91.342896
48,8,326.82538,101.69851
48,9,326.74368,111.80678
48,10,325.02798,125.134476
48,11,327.19824,132.30711
48,12,327.8094,142.75696
48,13,328.24606,152.20465
48,14,327.77725,163.1418
48,15,327.8807,175.18806
48,16,329.42215,179.13841
48,17,325.2172,199.36606
48,18,324.52368,204.80246
48,19,326.32654,209.90012
48,20,326.83636,229.76387
48,21,327.07523,234.1644
48,22,327.04602,244.31593
48,23,326.65186,254.65863
48,24,326.17313,265.34094
48,25,326.27124,275.3985
48,26,326.50323,285.36572
48,27,326.5774,295.6198
48,28,326.70236,305.93146
48,29,326.56897,316.39908
48,30,326.4976,326.818
48,31,326.45197,336.95593
48,32,326.42487,347.44974
48,33,326.39645,357.69504
48,34,326.45853,367.3737
48,35,326.60367,377.31732
48,36,326.60544,388.29428
48,37,326.6056,400.86804
48,38,326.63,408.82513
48,39,326.90567,420.10257
48,40,326.7165,428.8858
48,41,326.63956,439.11066
48,42,326.6263,449.26065
48,43,326.6233,459.42737
48,44,326.62347,469.76248
49,0,333.30176,20.642157
49,1,336.2004,30.973686
49,2,333.54868,40.504
49,3,333.36743,50.335808
49,4,333.28888,62.440487
49,5,333.25464,69.71795
49,6,333.30548,81.50076
49,7,333.23505,91.2386
49,8,333.13452,101.55758
49,9,333.02798,111.51714
49,10,332.72678,123.712776
49,11,334.434,132.40909
49,12,334.41272,140.08656
49,13,335.32632,151.95268
49,14,334.13965,163.09915
49,15,334.18262,181.21652
49,16,332.9043,182.5087
49,17,332.46143,195.90532
49,18,332.55988,202.35408
49,19,333.68152,205.91753
49,20,332.64496,225.15314
49,21,332.76443,234.51167
49,22,332.73358,244.94125
49,23,332.65894,254.70966
49,24,332.84808,265.4385
49,25,332.8567,275.2873
49,26,332.78098,285.45538
49,27,332.99014,295.92023
49,28,333.92618,305.96933
49,29,333.12354,316.4657
49,30,332.90137,326.88397
49,31,332.84103,337.1738
49,32,332.795,347.5042
49,33,332.71356,357.6605
49,34,332.12207,368.13766
49,35,332.67194,376.96057
49,36,331.42902,388.30484
49,37,332.35977,398.51834
49,38,333.06882,409.4235
49,39,333.5612,418.32947
49,40,333.16412,428.88196
49,41,333.09686,439.10385
49,42,333.06442,449.27917
49,43,333.04742,459.44595
49,44,333.03818,469.76114
50,0,340.53873,20.273375
50,1,339.71066,30.751709
50,2,339.25214,39.886524
50,3,338.97073,50.099857
50,4,338.14456,63.06226
50,5,339.28857,70.38004
50,6,340.13504,81.42138
50,7,340.21683,91.92736
50,8,339.59375,102.05375
50,9,338.37994,112.129745
50,10,338.74164,123.02353
50,11,339.8763,132.31715
50,12,341.4331,142.54648
50,13,340.4206,154.60754
50,14,340.16745,163.12848
50,15,339.74155,176.82004
50,16,338.74396,183.1804
50,17,339.09662,195.86223
50,18,338.79175,204.31885
50,19,338.5962,213.54048
50,20,339.03253,225.29643
50,21,338.0414,234.71806
50,22,338.97086,246.26727
50,23,339.04956,254.77676
50,24,339.06937,265.5916
50,25,339.09634,275.17163
50,26,339.12543,285.6731
50,27,339.02588,296.19644
50,28,338.15118,306.042
50,29,339.24838,316.56665
50,30,339.4564,326.9888
50,31,339.66904,337.40698
50,32,339.56308,347.73557
50,33,339.43954,357.66827
50,34,339.3687,367.0486
50,35,339.27228,376.24088
50,36,339.09906,387.95673
50,37,339.25964,398.1427
50,38,339.46182,408.77972
50,39,339.6092,417.60452
50,40,339.54605,428.88007
50,41,339.48428,439.0995
50,42,339.45627,449.29108
50,43,339.44287,459.45993
50,44,339.43585,469.76138
51,0,346.3651,20.231836
51,1,349.15488,25.6803
51,2,345.63416,39.52711
51,3,344.4903,49.91252
51,4,345.77625,60.828037
51,5,345.9957,70.3158
51,6,346.16977,81.04626
51,7,346.84433,91.97692
51,8,345.5685,99.98943
51,9,346.94553,108.93856
51,10,347.34488,121.29126
51,11,345.9861,135.29851
51,12,346.198,143.6845
51,13,346.2377,153.04694
51,14,345.88986,163.554
51,15,346.0822,175.59319
51,16,345.9277,187.31082
51,17,345.1717,197.47397
51,18,345.74265,204.41032
51,19,345.8254,214.93509
51,20,347.2844,225.00092
51,21,343.45023,234.8976
51,22,345.32196,245.46928
51,23,345.39844,254.76599
51,24,345.00897,265.84058
51,25,345.501,275.40967
51,26,345.6847,285.72736
51,27,345.79007,296.23468
51,28,345.85904,306.09763
51,29,345.91748,316.6938
51,30,346.01785,327.0933
51,31,346.8864,339.49725
51,32,346.00177,348.23898
51,33,345.55875,357.6511
51,34,345.48102,367.0437
51,35,345.62027,377.15613
51,36,345.6415,387.87558
51,37,345.7411,398.19907
51,38,345.93344,408.59943
51,39,346.45233,416.98895
51,40,346.01547,428.87924
51,41,345.8941,439.0967
51,42,345.85693,449.2993
51,43,345.84564,459.47067
51,44,345.83054,469.76227
52,0,352.8357,20.353418
52,1,353.74402,27.371588
52,2,352.86295,39.989555
52,3,352.38123,50.09545
52,4,352.06534,61.119316
52,5,352.0583,70.44553
52,6,352.24258,78.1006
52,7,351.82776,91.97725
52,8,351.8408,100.31598
52,9,352.41287,109.682625
52,10,352.23328,120.52066
52,11,352.23206,132.18718
52,12,352.3218,142.6684
52,13,351.9694,152.25581
52,14,351.67935,163.74738
52,15,351.8512,174.8491
52,16,352.37042,184.85332
52,17,352.37363,195.07909
52,18,352.27933,204.51904
52,19,352.10605,214.91838
52,20,351.9558,225.06796
52,21,351.7553,235.09865
52,22,351.9513,245.30591
52,23,352.04492,253.77892
52,24,352.0,266.75076
52,25,352.21,275.9089
52,26,352.4985,286.29193
52,27,352.3649,296.52274
52,28,352.35767,306.11203
52,29,352.31372,316.90265
52,30,352.2594,327.13144
52,31,352.103,337.65283
52,32,351.22754,349.35577
52,33,351.82007,357.66052
52,34,352.08264,367.10648
52,35,352.18103,377.5215
52,36,352.19632,387.90018
52,37,352.19827,398.299
52,38,352.19928,408.60394
52,39,352.2002,418.4223
52,40,352.20123,428.87918
52,41,352.2023,439.09503
52,42,352.20367,449.30515
52,43,352.2047,459.47916
52,44,352.20596,469.76337
53,0,359.99045,20.451147
53,1,358.4696,27.82285
53,2,358.08517,39.378407
53,3,358.73422,49.898956
53,4,358.7566,60.84856
53,5,361.70444,70.768845
53,6,358.90988,81.17338
53,7,358.49652,92.19757
53,8,357.76968,100.32214
53,9,358.06934,110.54924
53,10,357.97998,120.75686
53,11,358.62723,131.79733
53,12,360.0561,142.48643
53,13,358.7941,152.91026
53,14,358.68527,163.91212
53,15,359.20145,172.90291
53,16,355.6458,184.79593
53,17,359.24094,195.69182
53,18,358.7878,204.71498
53,19,358.56616,214.83867
53,20,358.48218,225.67181
53,21,358.45956,235.4034
53,22,358.46094,245.56332
53,23,358.0616,254.29149
53,24,358.8737,271.3605
53,25,358.92947,276.2734
53,26,359.41833,287.47992
53,27,359.13565,297.41232
53,28,359.0426,305.91754
53,29,358.8331,317.28503
53,30,358.76642,327.18088
53,31,358.57605,336.13266
53,32,358.43265,348.3942
53,33,358.5275,357.6999
53,34,358.2042,367.23062
53,35,358.49472,377.97818
53,36,358.6355,387.95142
53,37,358.61307,398.45428
53,38,358.60413,408.7483
53,39,358.59995,418.4713
53,40,358.59805,428.87933
53,41,358.59717,439.09412
53,42,358.59708,449.30948
53,43,358.5974,459.48608
53,44,358.5977,469.76443
54,0,365.89017,20.478607
54,1,365.10864,28.81765
54,2,364.898,37.428516
54,3,366.92816,49.010803
54,4,365.2917,60.647804
54,5,365.1804,70.74819
54,6,365.32648,81.41642
54,7,365.635,91.67105
54,8,368.22134,99.30966
54,9,365.0158,111.11302
54,10,364.63898,121.37768
54,11,365.09753,131.27504
54,12,365.15607,142.30751
54,13,365.1532,153.03148
54,14,364.83743,163.74828
54,15,364.99475,174.37968
54,16,365.42322,184.53203
54,17,366.22205,192.63155
54,18,364.64874,204.80328
54,19,365.32993,215.45549
54,20,365.25806,229.06386
54,21,365.11423,235.5478
54,22,365.23535,245.9178
54,23,366.40442,258.1837
54,24,365.52405,266.01724
54,25,365.42065,276.0964
54,26,365.44696,286.837
54,27,364.6661,296.88687
54,28,366.08572,303.76553
54,29,365.133,317.13004
54,30,365.112,327.4687
54,31,364.33655,335.24286
54,32,364.72314,348.17328
54,33,364.70715,357.72336
54,34,365.95673,371.95822
54,35,365.1345,379.3845
54,36,365.10107,387.99832
54,37,365.31653,398.64783
54,38,366.07596,406.71033
54,39,365.19128,418.50345
54,40,365.08505,428.87976
54,41,365.04712,439.09363
54,42,365.02863,449.31277
54,43,365.0185,459.49185
54,44,365.0121,469.76544
55,0,371.83017,20.467484
55,1,370.93176,30.020134
55,2,369.64133,39.396336
55,3,369.48392,47.211277
55,4,370.74078,58.27091
55,5,371.4454,70.74021
55,6,371.65967,81.161804
55,7,373.71466,87.31259
55,8,371.8372,100.37377
55,9,371.5032,111.78263
55,10,371.15942,121.48602
55,11,371.5426,130.29468
55,12,371.8046,142.16154
55,13,371.9872,153.10023
55,14,371.79706,163.09764
55,15,371.49847,174.01088
55,16,371.13806,183.8752
55,17,371.3525,194.22644
55,18,371.21918,204.8639
55,19,375.41016,217.97264
55,20,372.54492,228.83943
55,21,371.50272,235.34125
55,22,371.28558,245.7559
55,23,371.04663,256.9536
55,24,370.21396,263.6256
55,25,371.77383,275.91632
55,26,371.50705,283.37073
55,27,371.227,296.4316
55,28,371.2627,305.66013
55,29,371.3254,316.90182
55,30,371.50616,327.81564
55,31,371.544,337.28333
55,32,371.37,347.76678
55,33,371.43173,357.59418
55,34,371.79828,369.8244
55,35,371.66675,378.07928
55,36,371.42822,388.02008
55,37,371.39624,398.5825
55,38,371.38455,408.41656
55,39,371.37955,418.52475
55,40,371.3771,428.88025
55,41,371.37625,439.09348
55,42,371.37592,449.31534
55,43,371.3759,459.4966
55,44,371.37613,469.76636
56,0,378.35666,20.677813
56,1,378.1581,30.013573
56,2,377.37155,40.173283
56,3,377.2836,49.603542
56,4,377.6121,59.632362
56,5,378.27505,70.889824
56,6,379.02606,77.68182
56,7,378.3135,93.87079
56,8,378.77997,101.14161
56,9,377.81036,111.97281
56,10,376.51108,122.68484
56,11,376.93134,129.42255
56,12,378.10794,142.24599
56,13,379.66898,153.54225
56,14,378.44263,162.70166
56,15,377.97552,170.11644
56,16,377.81735,183.71678
56,17,377.85562,194.23488
56,18,377.87497,204.7338
56,19,377.89743,216.25719
56,20,377.8703,225.40062
56,21,377.78418,235.22818
56,22,377.61404,245.57439
56,23,376.10596,256.15045
56,24,377.48425,265.08264
56,25,382.05588,274.85764
56,26,378.16202,284.44122
56,27,377.77673,296.3169
56,28,377.70734,306.1976
56,29,377.72726,316.9012
56,30,377.84235,327.2295
56,31,378.77386,340.1498
56,32,378.07333,347.46793
56,33,377.91428,357.3087
56,34,377.8034,367.57422
56,35,377.76578,377.81818
56,36,377.75214,388.0186
56,37,377.74796,398.42102
56,38,377.74756,408.6696
56,39,377.74838,418.54147
56,40,377.7499,428.88068
56,41,377.75134,439.09354
56,42,377.75305,449.31735
56,43,377.7545,459.50073
56,44,377.75592,469.76718
57,0,385.70856,21.40886
57,1,384.50052,29.872772
57,2,384.37503,40.620327
57,3,384.2181,50.168453
57,4,383.78986,57.850605
57,5,383.6155,71.64355
57,6,384.38428,80.64996
57,7,384.46976,92.02788
57,8,384.67883,100.86081
57,9,384.97635,112.26962
57,10,384.29688,122.865875
57,11,384.3227,131.04538
57,12,385.6915,143.73412
57,13,385.63785,154.63536
57,14,385.2459,162.56044
57,15,384.62955,173.15797
57,16,384.50314,183.67433
57,17,384.41302,194.13664
57,18,384.40485,204.47472
57,19,384.50323,215.58762
57,20,384.51147,226.41183
57,21,384.43365,235.21448
57,22,384.3972,245.53004
57,23,384.30267,256.1547
57,24,384.29028,265.63144
57,25,384.51233,275.42096
57,26,384.3847,284.8488
57,27,384.06168,296.26254
57,28,384.1373,306.0814
57,29,384.15247,317.32846
57,30,384.17938,326.94513
57,31,384.28067,338.3338
57,32,384.65915,347.2844
57,33,384.47906,356.9086
57,34,384.23932,367.36154
57,35,384.1839,377.7431
57,36,384.16388,388.00983
57,37,384.15622,398.32828
57,38,384.15375,408.53638
57,39,384.15268,418.55487
57,40,384.1529,428.8812
57,41,384.15347,439.0937
57,42,384.15414,449.31897
57,43,384.155,459.50424
57,44,384.15585,469.7679
58,0,391.56516,20.901745
58,1,390.50894,29.89569
58,2,391.4076,40.971085
58,3,391.0328,50.075005
58,4,390.31247,60.51712
58,5,390.4896,71.85916
58,6,391.3083,82.50289
58,7,389.47086,91.51715
58,8,392.7719,106.38943
58,9,389.5446,112.47104
58,10,388.22363,124.18687
58,11,390.10254,131.5743
58,12,390.88733,142.49496
58,13,391.12967,153.10036
58,14,390.94333,162.46553
58,15,390.75128,173.54659
58,16,390.0443,183.73666
58,17,390.62357,194.08263
58,18,390.7184,204.11084
58,19,391.0086,214.85478
58,20,391.19528,225.52887
58,21,390.91943,235.27974
58,22,391.05392,245.48807
58,23,390.82867,255.98064
58,24,390.79544,265.88422
58,25,391.03082,276.52942
58,26,391.5045,285.7116
58,27,390.85516,296.18146
58,28,390.769,305.90604
58,29,390.64383,320.87766
58,30,390.43393,326.67145
58,31,387.69785,340.64633
58,32,390.4078,347.14825
58,33,390.5707,356.82385
58,34,390.59732,367.28564
58,35,390.59842,377.7206
58,36,390.5936,388.00348
58,37,390.5878,398.28046
58,38,390.58276,408.47556
58,39,390.57846,418.56573
58,40,390.5749,428.88165
58,41,390.57193,439.094
58,42,390.56958,449.3203
58,43,390.56766,459.50732
58,44,390.56613,469.7686
59,0,397.58167,20.44863
59,1,397.86737,29.792578
59,2,397.1795,41.11018
59,3,396.60852,50.29671
59,4,396.8536,60.769222
59,5,397.02972,70.990204
59,6,400.08914,85.94302
59,7,395.39655,91.79893
59,8,396.23428,102.04073
59,9,396.35696,113.46648
59,10,396.251,121.760216
59,11,397.079,131.69937
59,12,397.49295,141.34375
59,13,397.7684,152.89702
59,14,397.5369,162.07962
59,15,397.29834,173.41493
59,16,397.12714,183.85774
59,17,396.63214,194.14323
59,18,396.63455,204.00427
59,19,396.7956,214.7142
59,20,396.82367,225.37608
59,21,396.82712,235.27522
59,22,396.84018,245.452
59,23,396.81992,255.65752
59,24,396.8084,265.7511
59,25,396.76968,275.8567
59,26,396.6042,285.3923
59,27,396.62097,296.03033
59,28,396.86636,304.82928
59,29,397.01743,317.40527
59,30,397.09012,326.2841
59,31,397.14896,337.3916
59,32,397.15524,347.01025
59,33,397.1209,357.05234
59,34,397.07834,367.28525
59,35,397.0446,377.65225
59,36,397.01993,388.0012
59,37,397.00204,398.25577
59,38,396.98883,408.44238
59,39,396.979,418.57474
59,40,396.9715,428.88214
59,41,396.9658,439.09427
59,42,396.96133,449.32147
59,43,396.9577,459.51
59,44,396.95496,469.7692
60,0,404.73956,20.26601
60,1,406.471,32.17404
60,2,403.07196,40.75303
60,3,401.784,50.82505
60,4,400.5694,60.863205
60,5,403.02124,71.24048
60,6,403.18057,84.525406
60,7,403.20898,96.28354
60,8,403.22336,101.786224
60,9,403.00592,113.637215
60,10,403.09445,121.31727
60,11,403.56195,131.9044
60,12,403.69196,138.37057
60,13,404.25687,153.13484
60,14,404.5614,160.64003
60,15,403.86728,173.0008
60,16,403.95816,184.77765
60,17,403.45258,194.16928
60,18,403.2927,204.22267
60,19,403.31296,214.71175
60,20,403.32242,224.97717
60,21,403.32462,234.91425
60,22,403.32675,245.45103
60,23,403.33197,255.35106
60,24,403.35098,265.58627
60,25,403.45108,274.1406
60,26,406.24814,284.1974
60,27,402.89078,295.9501
60,28,400.18796,305.4525
60,29,402.82214,316.61215
60,30,403.1937,326.03394
60,31,403.51556,337.065
60,32,403.58707,346.84738
60,33,403.53455,357.16705
60,34,403.4803,367.3135
60,35,403.4436,377.6606
60,36,403.41846,388.00278
60,37,403.40112,398.24405
60,38,403.38846,408.42215
60,39,403.37918,418.58224
60,40,403.37207,428.88254
60,41,403.36636,439.0946
60,42,403.36188,449.32242
60,43,403.35822,459.51245
60,44,403.3554,469.7697
61,0,411.14127,20.201508
61,1,410.7089,31.673752
61,2,409.48538,40.991978
61,3,409.07022,50.96737
61,4,408.97757,61.065994
61,5,409.21054,71.46728
61,6,409.16757,82.73473
61,7,409.0099,92.76551
61,8,409.57245,101.497696
61,9,409.70355,111.84473
61,10,409.9277,121.76087
61,11,411.90396,132.20522
61,12,411.101,141.53964
61,13,410.16245,152.77733
61,14,408.5019,156.00908
61,15,409.81357,172.94234
61,16,410.28293,187.75883
61,17,409.8785,194.15547
61,18,409.70303,204.37138
61,19,409.70135,214.86842
61,20,409.66345,224.98586
61,21,409.66333,232.7483
61,22,409.66394,245.50482
61,23,409.65878,254.95403
61,24,409.8231,265.4775
61,25,410.51193,274.43597
61,26,409.34146,286.5536
61,27,409.11505,296.0215
61,28,409.24722,306.16772
61,29,409.50003,316.56915
61,30,409.76294,324.91785
61,31,410.12683,336.86203
61,32,410.21335,346.50244
61,33,409.99228,357.226
61,34,409.8944,367.3469
61,35,409.84222,377.6742
61,36,409.81027,388.00763
61,37,409.78955,398.24048
61,38,409.77536,408.4086
61,39,409.765,418.58865
61,40,409.75726,428.88293
61,41,409.7514,439.09494
61,42,409.74692,449.32315
61,43,409.74316,459.51456
61,44,409.7403,469.77017
62,0,417.2673,20.324116
62,1,416.80475,30.87833
62,2,415.36923,41.229824
62,3,415.7659,51.092163
62,4,415.1923,61.29023
62,5,415.01636,71.323
62,6,415.33423,81.854
62,7,418.29184,91.694756
62,8,416.2301,101.32738
62,9,416.97842,111.16797
62,10,417.2156,120.19686
62,11,417.07834,132.2004
62,12,417.16547,142.15224
62,13,416.30777,152.72723
62,14,416.2191,162.01248
62,15,416.238,173.07411
62,16,416.47614,184.62953
62,17,416.77036,194.68709
62,18,416.193,204.51357
62,19,416.03107,215.46573
62,20,415.81964,225.12181
62,21,415.49332,235.34856
62,22,415.4824,245.81618
62,23,415.31113,254.72525
62,24,415.88113,265.52386
62,25,416.00232,275.6156
62,26,416.06595,286.1877
62,27,416.0976,296.1612
62,28,416.09845,306.17316
62,29,416.0349,316.64703
62,30,415.41516,322.99207
62,31,417.0752,336.8568
62,32,417.3896,345.9078
62,33,416.57736,357.26242
62,34,416.26868,367.37885
62,35,416.21164,377.6915
62,36,416.17938,388.01544
62,37,416.15958,398.24353
62,38,416.14645,408.39853
62,39,416.13742,418.5942
62,40,416.13077,428.88324
62,41,416.1258,439.09528
62,42,416.12213,449.32388
62,43,416.1192,459.51654
62,44,416.117,469.7706
63,0,424.38184,20.499033
63,1,421.44043,30.90323
63,2,419.78137,41.28728
63,3,421.10696,55.032124
63,4,421.59277,60.87473
63,5,422.2464,71.02729
63,6,422.3476,81.44954
63,7,422.4869,91.50107
63,8,422.7448,101.05282
63,9,423.1648,107.68505
63,10,423.02722,121.05411
63,11,422.93643,131.42497
63,12,423.41583,142.86923
63,13,422.70172,152.73746
63,14,422.5441,162.57027
63,15,422.51953,173.20676
63,16,422.49808,184.27924
63,17,422.4832,194.59244
63,18,422.4662,204.7035
63,19,422.44318,215.93983
63,20,422.39603,225.5435
63,21,423.04755,240.35495
63,22,425.649,247.28915
63,23,423.7847,257.02835
63,24,422.44543,265.8841
63,25,422.47748,275.73233
63,26,422.56247,286.05322
63,27,422.50848,296.3321
63,28,422.45627,305.8986
63,29,422.19473,316.72153
63,30,422.9876,328.10504
63,31,423.53687,337.01733
63,32,423.19888,346.51468
63,33,422.7803,357.28967
63,34,422.661,367.40826
63,35,422.60593,377.71152
63,36,422.57626,388.0264
63,37,422.53906,398.25366
63,38,422.52823,408.39035
63,39,422.52103,418.59903
63,40,422.51587,428.88358
63,41,422.51205,439.09567
63,42,422.5092,449.3245
63,43,422.50693,459.51825
63,44,422.50522,469.77097
64,0,429.85275,21.386093
64,1,428.8055,30.76831
64,2,429.91013,41.258785
64,3,427.6703,51.40351
64,4,428.91135,60.21563
64,5,428.92285,70.67142
64,6,428.98166,81.1215
64,7,429.26788,91.35945
64,8,429.87955,100.07692
64,9,429.5202,110.34879
64,10,429.1102,120.59464
64,11,429.08328,131.6048
64,12,430.84222,146.50433
64,13,429.0117,152.75356
64,14,428.88107,162.76305
64,15,428.7838,173.27179
64,16,428.50513,183.98236
64,17,428.03717,195.82883
64,18,428.72598,204.71999
64,19,428.84586,215.06534
64,20,428.9061,225.4499
64,21,428.94388,236.39972
64,22,428.95175,245.87682
64,23,428.9367,256.0051
64,24,428.91696,265.77005
64,25,428.89703,275.84848
64,26,428.86093,286.00998
64,27,428.5839,296.4696
64,28,428.04916,305.06616
64,29,428.96683,316.72736
64,30,428.92917,328.5112
64,31,429.10034,337.22562
64,32,429.41452,346.82834
64,33,429.07767,357.31113
64,34,428.97437,367.43472
64,35,428.93658,377.73352
64,36,428.91824,388.04016
64,37,428.9082,398.27414
64,38,428.9019,408.38287
64,39,428.8978,418.60318
64,40,428.89493,428.8839
64,41,428.89285,439.09598
64,42,428.8914,449.325
64,43,428.89017,459.51984
64,44,428.88937,469.77133
65,0,435.6305,22.879826
65,1,435.30948,30.770077
65,2,435.44763,41.319344
65,3,435.6714,49.766006
65,4,436.35098,57.49046
65,5,435.98264,70.54493
65,6,435.77353,80.74144
65,7,435.876,91.26128
65,8,435.9795,99.23722
65,9,435.4804,110.78884
65,10,435.40826,121.38283
65,11,435.35345,131.82616
65,12,435.31595,143.2321
65,13,435.29077,152.76796
65,14,435.26102,162.85056
65,15,435.21567,173.29706
65,16,435.10773,183.82332
65,17,434.55313,193.70111
65,18,435.00888,204.26154
65,19,435.21002,213.43915
65,20,435.31644,224.91408
65,21,435.3849,235.22093
65,22,435.3916,245.44524
65,23,435.35495,255.55382
65,24,435.32382,265.57935
65,25,435.30405,275.83597
65,26,435.29407,285.99628
65,27,435.2831,296.73404
65,28,435.17706,305.94406
65,29,435.22348,316.7103
65,30,435.24323,326.91217
65,31,435.258,337.3275
65,32,435.27325,346.9391
65,33,435.29102,357.3275
65,34,435.31177,367.45792
65,35,435.33853,377.75574
65,36,435.37735,388.055
65,37,435.42383,398.31308
65,38,435.45657,408.3762
65,39,435.4168,418.60703
65,40,435.37878,428.88422
65,41,435.3501,439.09634
65,42,435.33255,449.32544
65,43,435.32095,459.5213
65,44,435.31308,469.77167
66,0,441.75412,20.694849
66,1,441.7182,30.38937
66,2,441.60162,40.5046
66,3,441.7299,49.827694
66,4,443.30542,57.48605
66,5,441.7872,70.4396
66,6,441.7275,80.61471
66,7,441.91223,91.208595
66,8,441.74844,100.45416
66,9,441.66983,111.23958
66,10,441.65018,121.632805
66,11,441.6404,131.96788
66,12,441.63367,142.73567
66,13,441.62793,152.77956
66,14,441.621,162.91225
66,15,441.61047,173.30756
66,16,441.59134,183.74542
66,17,441.54773,193.78333
66,18,441.3931,204.16861
66,19,440.6036,211.49092
66,20,441.55127,224.75331
66,21,441.78476,234.93547
66,22,441.8087,245.29518
66,23,441.72852,255.4278
66,24,441.69104,265.54102
66,25,441.67993,275.8236
66,26,441.70697,286.0409
66,27,442.05103,297.1515
66,28,441.98712,306.26672
66,29,441.66382,316.7256
66,30,441.63913,326.88235
66,31,441.6427,337.2268
66,32,441.65405,347.00558
66,33,441.6701,357.3415
66,34,441.69116,367.478
66,35,441.72147,377.7755
66,36,441.77325,388.0631
66,37,441.8807,398.38025
66,38,441.9934,408.381
66,39,441.85416,418.61035
66,40,441.77087,428.88443
66,41,441.73273,439.09662
66,42,441.7122,449.32587
66,43,441.69974,459.5226
66,44,441.69153,469.77194
67,0,448.38815,20.461174
67,1,448.55988,29.943224
67,2,448.5853,39.14274
67,3,447.2711,49.71656
67,4,447.83743,59.407642
67,5,448.0184,70.50243
67,6,448.1307,80.78506
67,7,448.42676,91.19217
67,8,448.50574,101.19348
67,9,448.1809,111.48042
67,10,448.10223,121.78831
67,11,448.06882,132.05524
67,12,448.05,142.48598
67,13,448.0369,152.80435
67,14,448.02545,162.95073
67,15,448.01218,173.27483
67,16,447.99252,183.70218
67,17,447.95636,193.79494
67,18,447.8734,204.15111
67,19,447.80157,214.0443
67,20,448.0226,224.77519
67,21,448.46234,234.87549
67,22,448.36285,245.21599
67,23,448.12408,255.36826
67,24,448.05658,265.52493
67,25,448.01895,275.805
67,26,447.98697,286.0294
67,27,447.9613,296.81735
67,28,447.97345,306.36935
67,29,448.03992,316.75674
67,30,448.1289,326.94867
67,31,448.16925,337.115
67,32,448.1442,347.04596
67,33,448.1257,357.35196
67,34,448.12677,367.49362
67,35,448.14694,377.78967
67,36,448.20038,388.0452
67,37,448.3769,398.42352
67,38,449.2638,408.82205
67,39,448.30768,418.6134
67,40,448.18073,428.88467
67,41,448.13455,439.09695
67,42,448.111,449.3262
67,43,448.09692,459.52383
67,44,448.0876,469.77222
68,0,455.01996,20.394154
68,1,458.82498,25.403357
68,2,454.92847,39.29783
68,3,454.36877,51.66521
68,4,454.35632,59.98887
68,5,454.43762,70.61631
68,6,454.4934,80.85978
68,7,454.5727,91.186745
68,8,454.69583,101.617
68,9,454.6677,111.73926
68,10,454.5672,121.88936
68,11,454.51825,132.11906
68,12,454.49426,142.48967
68,13,454.48166,152.79881
68,14,454.4751,162.97685
68,15,454.47244,173.2798
68,16,454.47284,183.67572
68,17,454.47678,193.79588
68,18,454.48608,204.13745
68,19,454.50674,214.21185
68,20,454.56854,224.79242
68,21,455.39496,235.30699
68,22,454.67276,245.17291
68,23,454.51514,255.33131
68,24,454.46768,265.53836
68,25,454.44043,275.77945
68,26,454.42102,286.0234
68,27,454.41388,296.51733
68,28,454.4348,306.422
68,29,454.50464,316.77582
68,30,454.63474,327.11185
68,31,454.70282,337.04495
68,32,454.57748,347.07217
68,33,454.5301,357.35965
68,34,454.52386,367.5048
68,35,454.54468,377.79584
68,36,454.6128,387.9721
68,37,454.91675,398.15137
68,38,454.93253,407.69885
68,39,454.60672,418.61606
68,40,454.53586,428.88486
68,41,454.5144,439.09726
68,42,454.49692,449.32657
68,43,454.48587,459.52496
68,44,454.47836,469.77246
69,0,462.53442,20.403847
69,1,461.34235,27.13776
69,2,460.3886,36.777737
69,3,460.77512,49.385292
69,4,460.85074,60.134537
69,5,460.8968,70.70501
69,6,460.94388,80.817055
69,7,461.03983,91.16259
69,8,461.45377,102.328094
69,9,461.23386,111.8224
69,10,460.9923,121.95748
69,11,460.9215,132.16583
69,12,460.8883,142.50081
69,13,460.86932,152.80656
69,14,460.85703,162.99573
69,15,460.84814,173.28374
69,16,460.84146,183.65819
69,17,460.83612,193.7942
69,18,460.83154,204.12491
69,19,460.8274,214.25163
69,20,460.8234,224.75237
69,21,460.8194,234.976
69,22,460.81506,245.10889
69,23,460.8104,255.30447
69,24,460.80557,265.4766
69,25,460.80118,275.7515
69,26,460.8,286.03528
69,27,460.80887,296.37592
69,28,460.8403,306.44458
69,29,460.92276,316.79633
69,30,461.22067,327.38028
69,31,461.5179,337.0073
69,32,461.02167,347.0899
69,33,460.9526,357.3645
69,34,460.95007,367.5116
69,35,460.9924,377.79443
69,36,461.15878,387.78912
69,37,461.7768,395.9105
69,38,461.09827,408.18274
69,39,460.96472,418.61847
69,40,460.9174,428.8851
69,41,460.8931,439.0975
69,42,460.87854,449.32684
69,43,460.869,459.526
69,44,460.86224,469.77267
70,0,467.25333,20.43111
70,1,467.14056,29.68493
70,2,466.85245,39.318794
70,3,467.10284,46.664314
70,4,467.2574,60.21346
70,5,467.29657,70.77524
70,6,467.3178,80.57522
70,7,467.34482,91.13238
70,8,467.4112,102.361885
70,9,467.54117,111.92088
70,10,467.5512,122.00548
70,11,467.3943,132.20146
70,12,467.32422,142.5133
70,13,467.28992,152.81291
70,14,467.26993,163.00983
70,15,467.25693,173.28705
70,16,467.24774,183.64606
70,17,467.24112,193.79189
70,18,467.23593,204.11397
70,19,467.2318,214.26407
70,20,467.22836,224.6976
70,21,467.2255,234.88446
70,22,467.2231,245.08237
70,23,467.22092,255.2824
70,24,467.21918,265.46658
70,25,467.2179,275.72482
70,26,467.21732,285.98773
70,27,467.21774,296.29684
70,28,467.21964,306.4475
70,29,467.2235,316.77856
70,30,467.23,327.26215
70,31,467.24008,336.98148
70,32,467.25494,347.10162
70,33,467.2784,357.36697
70,34,467.32016,367.5149
70,35,467.41992,377.788
70,36,468.0316,385.6091
70,37,467.76672,396.10217
70,38,467.387,408.3036
70,39,467.3159,418.62073
70,40,467.2851,428.88522
70,41,467.268,439.0978
70,42,467.25745,449.32706
70,43,467.2503,459.527
70,44,467.24518,469.7729
71,0,473.79123,20.528982
71,1,473.89062,30.328262
71,2,473.60437,40.033802
71,3,473.30014,49.249214
71,4,473.57922,60.375454
71,5,473.67694,70.78647
71,6,473.70746,79.568016
71,7,473.7428,91.08922
71,8,473.8213,101.83128
71,9,474.16794,112.10969
71,10,474.23993,122.04078
71,11,473.81055,132.24208
71,12,473.7225,142.52509
71,13,473.68494,152.819
71,14,473.6642,163.02103
71,15,473.65112,173.29002
71,16,473.64224,183.63704
71,17,473.63605,193.7896
71,18,473.63135,204.1045
71,19,473.62787,214.26717
71,20,473.62512,224.65163
71,21,473.62292,234.84068
71,22,473.62128,245.10576
71,23,473.61984,255.26411
71,24,473.61868,265.45648
71,25,473.61774,275.7014
71,26,473.61694,285.95105
71,27,473.6163,296.24515
71,28,473.61572,306.4367
71,29,473.61526,316.73126
71,30,473.6148,327.0175
71,31,473.61444,336.96442
71,32,473.6141,347.10986
71,33,473.61386,357.36777
71,34,473.61365,367.51556
71,35,473.6134,377.7797
71,36,473.61325,384.83716
71,37,473.61304,397.88327
71,38,473.6129,408.34412
71,39,473.61276,418.62265
71,40,473.61267,428.8854
71,41,473.61255,439.09805
71,42,473.61243,449.32736
71,43,473.61237,459.52792
71,44,473.61227,469.7731
