72,45
0,0,19.26867,19.546528
0,1,20.554546,32.307995
0,2,20.675278,49.622616
0,3,19.998123,64.25368
0,4,20.024809,80.12471
0,5,20.01129,95.4783
0,6,19.999287,110.54415
0,7,19.990025,125.769844
0,8,19.98207,140.78395
0,9,19.974407,155.96754
0,10,19.9663,171.1915
0,11,19.957184,186.27606
0,12,19.946198,201.44403
0,13,19.932297,216.64748
0,14,19.913967,231.85612
0,15,19.888727,246.92921
0,16,19.851053,262.21536
0,17,19.792446,277.2528
0,18,19.693615,292.62878
0,19,19.567768,307.78653
0,20,19.543459,322.62903
0,21,19.598825,338.25766
0,22,20.145569,354.41544
0,23,20.59837,366.54956
0,24,19.699413,383.60663
0,25,19.77788,398.8176
0,26,19.963125,415.20578
0,27,20.132305,429.58737
0,28,20.363884,445.65698
0,29,17.76424,462.55334
0,30,20.330545,475.56046
0,31,20.711998,492.80157
0,32,20.89219,505.4497
0,33,21.105145,520.1156
0,34,21.089764,534.86163
0,35,20.735825,550.3212
0,36,19.667444,568.7531
0,37,19.700645,579.38025
0,38,19.891907,594.3508
0,39,20.06345,609.59595
0,40,20.063429,624.6019
0,41,20.05961,639.79675
0,42,20.05503,654.71686
0,43,20.050432,669.78204
0,44,20.046165,684.92975
1,0,31.379425,19.137297
1,1,31.698656,34.33332
1,2,30.102882,48.20831
1,3,31.216831,61.80372
1,4,32.69003,80.05734
1,5,32.929893,95.38879
1,6,32.75499,110.440994
1,7,32.627792,125.55801
1,8,33.24119,140.76569
1,9,33.34795,155.87538
1,10,33.31237,171.16171
1,11,33.27782,186.21906
1,12,33.250668,201.38666
1,13,33.224514,216.62605
1,14,33.19508,231.83713
1,15,33.15886,246.91579
1,16,33.11051,262.24734
1,17,33.047142,277.00934
1,18,32.957882,292.63135
1,19,32.854866,307.70786
1,20,32.746437,322.60757
1,21,32.584526,338.014
1,22,32.191914,353.84164
1,23,32.160404,367.55682
1,24,31.996035,382.50723
1,25,32.684174,398.4756
1,26,32.944298,414.3739
1,27,33.0524,429.8279
1,28,33.049446,445.00568
1,29,32.9394,459.4959
1,30,33.426453,474.97858
1,31,34.28005,489.38605
1,32,35.982826,503.8967
1,33,33.880238,519.1418
1,34,33.630695,534.66925
1,35,33.513206,549.50494
1,36,33.456753,564.7531
1,37,33.42304,579.3232
1,38,33.40129,594.53906
1,39,33.38655,609.5304
1,40,33.376015,624.5643
1,41,33.36823,639.6983
1,42,33.362328,654.7267
1,43,33.357708,669.7865
1,44,33.354015,684.93756
2,0,41.66395,15.95315
2,1,45.371456,34.279285
2,2,45.64069,49.595478
2,3,45.94704,64.489555
2,4,46.328228,80.12023
2,5,46.560207,95.22403
2,6,46.456852,110.128456
2,7,46.288177,121.284966
2,8,47.089043,141.45758
2,9,46.98419,155.78024
2,10,46.7575,171.16513
2,11,46.693253,186.26
2,12,46.66101,201.16547
2,13,46.635944,216.55751
2,14,46.608147,231.77594
2,15,46.56395,246.87024
2,16,46.40896,262.302
2,17,46.271873,277.1347
2,18,46.58766,292.5571
2,19,46.476925,307.70462
2,20,46.397934,322.78384
2,21,46.312557,337.85605
2,22,46.242603,353.52017
2,23,46.258804,368.17654
2,24,45.92603,383.31616
2,25,45.71989,393.69794
2,26,46.177525,414.18747
2,27,46.209885,429.78534
2,28,46.149456,444.79736
2,29,46.452137,459.7092
2,30,46.64349,475.40158
2,31,46.591366,489.1173
2,32,46.508076,504.37976
2,33,46.733788,519.03625
2,34,46.906178,534.6079
2,35,46.741123,549.1573
2,36,45.985138,566.5428
2,37,46.64921,579.6723
2,38,46.63595,594.681
2,39,46.650772,609.53174
2,40,46.65774,624.5384
2,41,46.661163,639.65216
2,42,46.66303,654.73975
2,43,46.664154,669.79254
2,44,46.66491,684.94763
3,0,55.805855,19.329697
3,1,59.02675,34.254436
3,2,59.343544,49.638718
3,3,59.548912,64.55789
3,4,59.835613,79.671936
3,5,60.469276,94.89094
3,6,58.695965,108.067764
3,7,59.57749,125.739006
3,8,59.914524,140.71234
3,9,60.184647,155.5211
3,10,60.55315,171.67693
3,11,60.3848,186.15947
3,12,60.17961,199.98418
3,13,60.095253,215.47734
3,14,60.043503,231.6176
3,15,60.003906,246.70845
3,16,59.959637,262.3777
3,17,59.90099,279.47638
3,18,60.04031,294.9715
3,19,59.892788,311.75812
3,20,59.803535,322.80008
3,21,59.40785,337.9706
3,22,59.51616,353.48978
3,23,61.005413,368.13098
3,24,59.95216,383.89673
3,25,59.64652,396.69516
3,26,59.520603,414.15482
3,27,59.697105,429.86633
3,28,59.809772,444.97635
3,29,60.022205,459.91913
3,30,60.27106,477.1095
3,31,60.65243,491.03085
3,32,58.369366,504.78162
3,33,60.045086,519.2935
3,34,60.81433,534.86975
3,35,60.191193,548.8467
3,36,59.305393,564.597
3,37,59.31436,580.5447
3,38,60.111225,595.0315
3,39,59.994225,609.58905
3,40,59.987274,624.51294
3,41,59.988674,639.6278
3,42,59.99001,654.75696
3,43,59.991093,669.80066
3,44,59.99201,684.9611
4,0,72.64128,19.62141
4,1,72.52791,33.902485
4,2,72.17187,48.60928
4,3,72.09632,64.69519
4,4,70.73695,78.06379
4,5,71.86171,93.87129
4,6,72.30376,109.52649
4,7,72.75223,125.5389
4,8,73.04566,139.60278
4,9,73.24733,154.76695
4,10,73.41551,172.02704
4,11,76.32714,187.33969
4,12,66.67287,195.76146
4,13,70.710175,213.07849
4,14,73.14435,231.51166
4,15,73.5876,245.83832
4,16,74.00939,262.47693
4,17,74.41244,277.78357
4,18,75.97413,297.5702
4,19,73.796295,311.3227
4,20,74.22865,322.88953
4,21,73.540764,337.54703
4,22,73.52252,353.34128
4,23,74.67304,366.2881
4,24,73.887276,384.69498
4,25,63.841824,398.4834
4,26,73.00243,414.4339
4,27,72.9986,430.52676
4,28,73.080734,445.2483
4,29,73.15213,460.17325
4,30,74.17916,471.6852
4,31,72.99944,490.74066
4,32,73.35618,505.7424
4,33,73.5684,524.192
4,34,73.98786,535.5304
4,35,74.25027,550.01917
4,36,72.82142,564.84467
4,37,72.83319,582.667
4,38,73.30371,596.68243
4,39,73.33788,609.7422
4,40,73.334885,624.43427
4,41,73.33207,639.6047
4,42,73.330795,654.7811
4,43,73.330345,669.8125
4,44,73.33024,684.97974
5,0,85.841286,19.720373
5,1,85.770676,33.916862
5,2,85.647026,49.774628
5,3,85.72077,64.97575
5,4,85.58653,80.1974
5,5,85.611015,94.886566
5,6,86.05217,109.246124
5,7,86.29785,125.36939
5,8,84.38432,138.78827
5,9,80.84317,154.34906
5,10,86.781235,168.29163
5,11,87.17369,184.89163
5,12,85.03091,203.18213
5,13,84.7776,215.26373
5,14,87.12731,232.91016
5,15,86.084076,246.28362
5,16,86.71852,262.8191
5,17,87.21076,278.0358
5,18,84.854,293.715
5,19,87.54631,308.33182
5,20,87.535934,323.815
5,21,87.6151,336.45132
5,22,88.07033,352.99188
5,23,87.96162,368.62527
5,24,86.36832,384.29797
5,25,85.54918,399.74982
5,26,84.70919,414.6615
5,27,84.82834,434.75098
5,28,86.62709,446.4253
5,29,86.77955,462.80096
5,30,86.28604,476.42432
5,31,86.03471,491.0815
5,32,87.4025,507.80417
5,33,82.83445,520.611
5,34,86.79944,535.5588
5,35,85.88401,556.12225
5,36,86.637115,565.21765
5,37,87.01697,578.80927
5,38,87.27645,596.4259
5,39,87.4684,610.113
5,40,87.1504,624.1545
5,41,86.56929,639.7711
5,42,86.694176,654.8167
5,43,86.69429,669.82983
5,44,86.68919,685.0068
6,0,100.084015,19.743736
6,1,100.351555,33.420662
6,2,99.68909,50.080894
6,3,99.579834,65.170395
6,4,99.52657,80.31211
6,5,99.47082,95.445854
6,6,99.52641,109.157684
6,7,99.88387,125.0586
6,8,99.10765,139.48676
6,9,100.31912,153.8331
6,10,99.451744,169.91794
6,11,98.475716,183.48
6,12,98.49657,201.85355
6,13,99.48661,216.54724
6,14,97.27341,225.15689
6,15,99.34993,248.66386
6,16,96.449104,269.6083
6,17,99.35747,277.54468
6,18,99.2171,290.391
6,19,101.03322,311.6625
6,20,99.60686,318.92047
6,21,99.83918,338.35312
6,22,104.92992,353.20978
6,23,99.70917,369.84442
6,24,98.861374,384.1467
6,25,98.07662,399.56967
6,26,95.841835,414.59042
6,27,98.08001,430.29083
6,28,98.92909,447.41348
6,29,101.44427,457.20618
6,30,95.298996,471.41623
6,31,100.688644,491.8629
6,32,102.92864,506.05692
6,33,101.47149,519.43805
6,34,100.53429,541.46405
6,35,99.46715,551.3264
6,36,98.48058,566.19495
6,37,89.57484,579.71277
6,38,98.80255,595.9483
6,39,99.45451,610.5622
6,40,100.30295,625.26056
6,41,104.16587,644.8594
6,42,100.25096,654.87317
6,43,100.13819,669.85724
6,44,100.100105,685.0483
7,0,113.02232,19.741076
7,1,112.97511,34.099487
7,2,112.94633,50.151386
7,3,112.909546,65.26851
7,4,112.5002,74.41648
7,5,114.40714,97.200005
7,6,112.672676,108.4396
7,7,112.9503,124.84349
7,8,112.81458,141.02402
7,9,112.9062,152.38855
7,10,112.3333,170.31438
7,11,110.73369,185.10805
7,12,113.64094,200.07387
7,13,114.12854,216.84247
7,14,114.579056,231.57712
7,15,112.55536,247.04779
7,16,113.545654,260.767
7,17,115.90414,265.86423
7,18,112.89353,291.4696
7,19,112.88063,318.93015
7,20,112.93776,331.1203
7,21,110.83578,337.60535
7,22,110.996765,353.70898
7,23,109.263214,372.459
7,24,113.155556,384.21396
7,25,112.87019,401.14557
7,26,112.85155,414.12885
7,27,113.00313,430.26602
7,28,108.31888,440.8633
7,29,112.9974,457.10083
7,30,109.65269,474.0343
7,31,114.032585,485.72592
7,32,114.08341,505.16223
7,33,113.37136,520.8195
7,34,113.393845,536.001
7,35,112.09747,555.6685
7,36,102.96375,564.6623
7,37,109.75176,580.22205
7,38,112.68902,594.86096
7,39,113.08822,610.5147
7,40,113.21842,625.02466
7,41,113.27515,640.1584
7,42,113.30263,654.9735
7,43,113.31853,669.9045
7,44,113.328316,685.1193
8,0,126.25667,19.634245
8,1,125.967896,34.833504
8,2,126.12207,50.08007
8,3,126.118095,65.29785
8,4,126.049225,80.33913
8,5,126.25829,96.15203
8,6,125.93695,111.01734
8,7,126.51608,124.26219
8,8,126.63266,139.24187
8,9,126.41143,154.77824
8,10,123.88722,170.41754
8,11,125.8461,185.23839
8,12,125.74073,199.9764
8,13,125.53137,217.05768
8,14,124.45926,232.43633
8,15,123.76585,246.54845
8,16,124.66631,257.35834
8,17,124.859,276.19296
8,18,124.34444,288.07224
8,19,126.87475,310.86502
8,20,126.192696,323.4083
8,21,125.61262,339.1935
8,22,123.49782,354.9731
8,23,128.0158,369.21805
8,24,127.534325,385.07336
8,25,126.86643,400.15067
8,26,126.65636,412.6711
8,27,119.29077,434.40952
8,28,125.680336,443.73886
8,29,123.94887,456.38705
8,30,119.11009,468.51294
8,31,124.05337,490.55368
8,32,125.70869,512.8004
8,33,126.93654,520.9062
8,34,128.2523,534.67993
8,35,126.06573,554.67413
8,36,126.31704,568.2499
8,37,127.04453,582.5763
8,38,129.89249,594.51416
8,39,126.74933,613.33386
8,40,130.21266,625.0252
8,41,128.20273,639.08905
8,42,126.49806,655.4437
8,43,126.557465,669.99976
8,44,126.57962,685.2628
9,0,139.91162,19.409132
9,1,139.83795,35.21847
9,2,139.84235,49.370197
9,3,139.87941,65.25245
9,4,139.91702,80.24247
9,5,139.93805,95.81918
9,6,139.25783,110.66995
9,7,141.03595,121.05663
9,8,140.2564,139.4174
9,9,139.5318,158.1179
9,10,139.32874,170.71593
9,11,145.46628,185.52965
9,12,139.19394,201.13736
9,13,138.21,221.66826
9,14,137.24629,233.62042
9,15,137.12706,246.48961
9,16,138.74358,258.90146
9,17,138.7006,281.0772
9,18,138.98521,292.13885
9,19,138.44875,309.0493
9,20,139.03523,327.31396
9,21,139.80927,337.43707
9,22,138.18703,354.96283
9,23,139.25713,372.89117
9,24,136.62769,387.0557
9,25,134.28923,402.28897
9,26,138.43472,416.10196
9,27,132.55963,431.8407
9,28,148.95715,448.23364
9,29,144.78818,458.57532
9,30,136.66881,476.06616
9,31,129.51114,498.3714
9,32,136.91846,497.95746
9,33,136.3682,528.4634
9,34,141.87878,536.2697
9,35,140.59131,551.6966
9,36,139.0193,564.2819
9,37,140.39072,580.5238
9,38,139.44835,594.7712
9,39,140.13297,610.112
9,40,140.17862,625.4969
9,41,145.93925,642.1531
9,42,140.3066,655.7034
9,43,140.06961,670.2697
9,44,140.00761,685.6952
10,0,152.46404,13.24837
10,1,152.40434,39.58919
10,2,152.62744,50.127068
10,3,153.05621,65.06701
10,4,152.14664,78.30596
10,5,153.21362,95.6858
10,6,154.80397,108.12069
10,7,152.60297,124.7836
10,8,151.45842,141.78717
10,9,151.0207,154.37729
10,10,151.57722,170.83298
10,11,147.94873,186.11247
10,12,151.87247,202.63252
10,13,151.02698,216.5076
10,14,151.01476,232.97925
10,15,153.98442,247.8255
10,16,151.53748,261.90155
10,17,149.60574,270.24185
10,18,152.6613,296.9205
10,19,150.92447,309.01807
10,20,150.78906,323.47073
10,21,153.46748,337.20636
10,22,151.12398,354.40887
10,23,148.47733,370.27567
10,24,153.88974,384.8358
10,25,147.9813,399.03302
10,26,154.10233,417.56906
10,27,152.53387,420.03223
10,28,152.69911,449.32718
10,29,152.88364,461.23178
10,30,150.83954,486.72836
10,31,151.65237,490.23996
10,32,154.4535,506.82074
10,33,152.83241,519.6003
10,34,144.95558,541.0017
10,35,157.83138,559.00946
10,36,151.8452,565.09515
10,37,153.8011,579.8344
10,38,152.73622,596.15106
10,39,153.35759,610.97876
10,40,153.42831,627.2419
10,41,153.56664,641.359
10,42,154.57343,658.40155
10,43,155.31618,673.0429
10,44,159.1612,688.632
11,0,170.98529,19.944504
11,1,161.54027,50.01077
11,2,165.14758,50.733704
11,3,167.51392,64.76009
11,4,166.53867,80.303604
11,5,166.52258,95.678314
11,6,166.70496,110.67869
11,7,166.43188,124.79943
11,8,164.76245,141.1444
11,9,167.49016,158.55203
11,10,165.12286,177.7907
11,11,166.13501,185.91331
11,12,166.27678,196.37761
11,13,166.80795,211.55348
11,14,165.23001,234.72778
11,15,165.7732,246.86748
11,16,165.53583,263.05722
11,17,160.49945,277.7669
11,18,165.55759,301.52222
11,19,166.70067,317.1522
11,20,159.54631,322.44565
11,21,162.80005,337.57104
11,22,164.67062,355.0605
11,23,163.3774,379.14694
11,24,163.44035,385.67487
11,25,163.494,398.3662
11,26,165.85443,415.8663
11,27,162.26357,428.27942
11,28,165.56319,448.97006
11,29,165.19032,462.8632
11,30,164.9506,478.03586
11,31,161.7806,486.56766
11,32,162.80405,508.8761
11,33,165.031,518.8392
11,34,158.88843,535.18024
11,35,167.22813,547.6432
11,36,166.84276,562.439
11,37,166.83629,579.8994
11,38,168.31433,594.9949
11,39,166.99715,608.46985
11,40,166.77188,624.9566
11,41,166.69174,640.03156
11,42,166.59033,655.8889
11,43,166.5826,670.3247
11,44,166.6005,685.7873
12,0,179.46455,21.420862
12,1,180.38579,35.121258
12,2,181.6173,50.194935
12,3,181.22313,63.17193
12,4,182.26643,81.921196
12,5,180.65633,95.76275
12,6,180.47217,111.16878
12,7,180.27484,126.23348
12,8,178.77092,140.61546
12,9,187.07935,155.56392
12,10,178.77707,170.12039
12,11,179.93268,186.17433
12,12,177.56607,199.42195
12,13,180.6164,211.04286
12,14,178.54324,234.64268
12,15,179.2206,249.24864
12,16,178.10435,264.2764
12,17,178.00385,277.48654
12,18,176.8426,293.7102
12,19,175.84116,309.8526
12,20,176.1837,321.1007
12,21,177.9535,331.52325
12,22,176.34523,353.6749
12,23,179.08957,369.709
12,24,178.42838,374.51215
12,25,172.96014,398.28214
12,26,178.73184,417.22104
12,27,178.05357,433.9003
12,28,177.11954,445.79102
12,29,177.58841,460.54297
12,30,178.75862,480.64233
12,31,175.98105,495.6597
12,32,178.32649,504.64337
12,33,180.91815,519.5136
12,34,178.8937,535.15735
12,35,179.26637,544.9227
12,36,181.44835,556.16516
12,37,180.1347,582.57996
12,38,181.44685,594.0974
12,39,180.2171,609.1138
12,40,179.9013,624.67773
12,41,179.76968,639.7655
12,42,179.83958,655.0292
12,43,179.84418,670.00256
12,44,179.79137,685.2717
13,0,191.81015,21.025667
13,1,193.70772,37.798878
13,2,192.61629,56.848347
13,3,192.16304,64.14214
13,4,192.55217,79.251686
13,5,193.39838,95.95471
13,6,189.55669,111.68077
13,7,189.65437,121.49888
13,8,191.73814,140.76582
13,9,190.42654,155.61649
13,10,190.58508,170.61446
13,11,192.43904,187.03444
13,12,195.31741,194.40436
13,13,190.34329,216.9183
13,14,187.99251,236.02884
13,15,186.53906,248.58922
13,16,192.53566,256.548
13,17,191.89758,274.8036
13,18,191.46646,289.9908
13,19,191.51184,303.94116
13,20,199.0835,310.4028
13,21,191.03879,334.4455
13,22,195.36125,339.25742
13,23,190.49146,368.29865
13,24,190.92203,381.6048
13,25,190.37808,398.4436
13,26,192.90375,414.2874
13,27,198.3363,430.13052
13,28,186.10326,447.8078
13,29,186.92606,464.1667
13,30,188.48499,475.19922
13,31,190.79022,489.65033
13,32,194.51974,502.0824
13,33,192.39783,521.42487
13,34,193.15746,532.55524
13,35,196.20259,545.72107
13,36,195.02643,564.38214
13,37,193.3934,579.3457
13,38,194.76839,593.9928
13,39,193.31992,609.30396
13,40,193.14313,624.5342
13,41,193.10626,639.633
13,42,193.10483,654.86536
13,43,193.11446,669.88794
13,44,193.12799,685.1059
14,0,205.50554,18.969463
14,1,207.96352,44.636517
14,2,205.8852,49.303303
14,3,206.0416,64.34884
14,4,205.31357,78.118286
14,5,206.62724,96.4299
14,6,205.11137,111.66228
14,7,205.93507,125.740524
14,8,208.03893,141.88809
14,9,203.91228,158.94495
14,10,209.25899,177.41718
14,11,205.43033,187.38142
14,12,206.31285,203.8728
14,13,205.2568,220.39264
14,14,204.72206,234.0543
14,15,208.47333,242.8881
14,16,211.89561,261.18176
14,17,204.15584,273.8691
14,18,206.82523,288.8098
14,19,205.18457,302.67474
14,20,198.748,315.091
14,21,201.77061,335.52005
14,22,203.9428,349.81638
14,23,203.11026,361.21725
14,24,206.34906,376.6187
14,25,204.70818,398.10565
14,26,202.72986,408.21906
14,27,203.74341,436.40125
14,28,210.25931,434.783
14,29,202.6367,462.17664
14,30,202.6859,474.45526
14,31,205.18643,489.20294
14,32,206.89767,517.3822
14,33,205.95985,521.12714
14,34,205.10384,534.40656
14,35,206.73828,543.9326
14,36,206.10194,564.0111
14,37,205.91664,578.43445
14,38,209.80937,592.9809
14,39,206.39629,609.1464
14,40,206.35712,624.44867
14,41,206.33476,639.55646
14,42,206.34642,654.7797
14,43,206.36623,669.83374
14,44,206.38786,685.0241
15,0,218.86931,17.321512
15,1,218.30061,33.822334
15,2,218.28403,50.38508
15,3,220.08488,63.827793
15,4,220.30293,72.06902
15,5,220.03008,97.073105
15,6,216.56273,111.37009
15,7,211.8157,126.3322
15,8,219.51294,142.96593
15,9,223.0686,156.6799
15,10,217.10208,173.8586
15,11,217.41861,187.43095
15,12,220.86293,202.66946
15,13,221.1209,218.0807
15,14,218.09587,234.13998
15,15,220.60188,255.20557
15,16,222.72618,267.23328
15,17,221.5613,275.33972
15,18,218.29935,290.3769
15,19,213.35706,311.87027
15,20,214.83763,315.96057
15,21,215.76768,336.0239
15,22,217.32455,352.52136
15,23,217.524,372.66104
15,24,217.16788,384.23993
15,25,215.74278,397.57846
15,26,214.64523,407.62662
15,27,218.09262,434.76526
15,28,214.69841,457.16245
15,29,221.62837,462.53674
15,30,223.09477,477.2033
15,31,218.86473,489.4835
15,32,217.55176,505.0268
15,33,218.42708,520.45984
15,34,219.47368,534.33044
15,35,217.48651,548.9891
15,36,218.35275,564.2299
15,37,219.28725,578.89966
15,38,219.46796,593.5437
15,39,219.56398,609.1293
15,40,219.62965,624.41473
15,41,219.67839,639.51215
15,42,219.7168,654.7316
15,43,219.74802,669.8091
15,44,219.77402,684.97626
16,0,232.18486,18.008238
16,1,232.55298,32.945557
16,2,231.32709,49.702114
16,3,234.16983,63.118305
16,4,233.99016,79.76731
16,5,226.29541,97.576385
16,6,230.61961,107.568405
16,7,233.26631,124.73916
16,8,235.6758,140.67596
16,9,242.30287,157.92426
16,10,235.57803,169.38484
16,11,235.70746,187.45757
16,12,235.92169,200.51004
16,13,235.00041,219.07515
16,14,234.65282,232.60522
16,15,235.03938,248.27159
16,16,232.60432,265.12854
16,17,233.06918,273.8053
16,18,234.28456,283.9083
16,19,232.10396,309.091
16,20,228.0519,318.87906
16,21,233.53574,335.83344
16,22,230.98715,353.63837
16,23,231.1049,363.64926
16,24,232.62883,380.29617
16,25,227.8716,399.33792
16,26,227.24011,417.0352
16,27,230.49226,442.1228
16,28,222.68503,443.09836
16,29,232.20282,459.55994
16,30,231.6529,476.1485
16,31,229.94376,494.8002
16,32,230.29932,504.58698
16,33,230.50742,518.42444
16,34,232.09686,534.764
16,35,234.9239,559.4983
16,36,232.60098,564.5405
16,37,232.71399,579.41644
16,38,232.81636,594.0255
16,39,232.89885,609.2061
16,40,232.96121,624.41907
16,41,233.00955,639.48834
16,42,233.04903,654.7066
16,43,233.08105,669.80664
16,44,233.10811,684.946
17,0,247.08882,19.195154
17,1,246.51639,32.958908
17,2,252.3067,47.30813
17,3,247.41396,66.26424
17,4,245.59036,80.26498
17,5,245.60498,95.386055
17,6,238.43994,109.795906
17,7,247.04427,127.479675
17,8,250.31169,143.95053
17,9,251.5736,160.04865
17,10,245.5838,173.55676
17,11,246.59047,186.83412
17,12,242.2197,202.01405
17,13,249.06998,213.91312
17,14,240.20259,230.27849
17,15,247.32751,256.51083
17,16,256.62527,260.52554
17,17,246.5255,275.82352
17,18,245.5316,278.19168
17,19,246.6677,305.83337
17,20,246.80823,320.78912
17,21,238.39516,337.6483
17,22,244.71019,355.24713
17,23,242.13239,370.085
17,24,247.03433,387.46048
17,25,244.38979,401.6841
17,26,236.11629,421.9491
17,27,240.65907,430.47833
17,28,245.66533,446.25552
17,29,246.82649,459.9523
17,30,242.08365,473.2261
17,31,244.70715,489.19907
17,32,243.92534,506.16434
17,33,245.40324,519.53796
17,34,245.64424,538.3105
17,35,245.76228,551.7015
17,36,245.88571,564.8016
17,37,246.09142,584.8902
17,38,246.17957,596.4791
17,39,246.25383,609.2626
17,40,246.31554,624.43823
17,41,246.3634,639.47455
17,42,246.40211,654.69995
17,43,246.37036,669.83185
17,44,246.40436,684.9261
18,0,258.8349,19.255001
18,1,258.71732,24.662004
18,2,251.66356,46.83013
18,3,260.14108,64.44711
18,4,259.08713,81.27424
18,5,261.01154,101.67708
18,6,260.57327,110.70519
18,7,261.23688,121.57144
18,8,264.15906,134.81685
18,9,262.2358,158.47144
18,10,262.92032,166.36334
18,11,262.04272,188.38695
18,12,260.95728,195.11504
18,13,262.34995,214.00949
18,14,255.92413,231.79153
18,15,261.61465,249.06538
18,16,266.16858,260.92847
18,17,259.47998,277.10266
18,18,260.30228,291.46472
18,19,261.1556,309.22638
18,20,255.33377,323.95596
18,21,265.4808,338.7506
18,22,256.93625,354.48587
18,23,252.7851,364.90363
18,24,252.69691,392.9227
18,25,259.31497,397.58966
18,26,246.79117,418.15482
18,27,257.36304,425.00525
18,28,251.80159,441.4823
18,29,255.3807,456.17337
18,30,254.60817,474.64624
18,31,259.14532,495.89487
18,32,256.49295,505.28473
18,33,257.51175,519.346
18,34,256.60947,537.0162
18,35,258.01755,550.5243
18,36,256.2016,565.7584
18,37,258.461,579.48456
18,38,259.18323,594.6838
18,39,259.2981,609.29803
18,40,259.36658,624.46124
18,41,259.4276,639.46045
18,42,259.48257,654.7159
18,43,259.53012,669.91846
18,44,259.59033,684.91284
19,0,270.80496,18.973955
19,1,272.10306,38.250828
19,2,270.68307,50.17441
19,3,274.21765,68.39348
19,4,276.76172,72.813675
19,5,271.99777,93.68837
19,6,274.22263,110.322685
19,7,276.0675,125.95738
19,8,278.03076,142.36563
19,9,279.09833,151.6853
19,10,278.24503,170.05565
19,11,273.87204,187.78859
19,12,265.57437,200.71399
19,13,276.5121,222.64684
19,14,275.60477,234.23648
19,15,277.93823,247.61345
19,16,277.99973,257.1125
19,17,277.23114,286.7189
19,18,280.52872,294.81085
19,19,280.39096,310.85077
19,20,275.11057,324.08
19,21,272.98547,343.34058
19,22,275.70572,366.76593
19,23,271.72485,373.97177
19,24,269.53564,384.89465
19,25,263.8822,396.89246
19,26,270.84323,413.72485
19,27,269.64542,435.54324
19,28,265.12604,444.18802
19,29,269.46072,461.07352
19,30,267.1005,480.56134
19,31,261.59045,489.50308
19,32,269.731,505.55487
19,33,269.88025,518.31976
19,34,271.419,534.985
19,35,272.04654,549.82294
19,36,272.30585,564.5495
19,37,274.7863,575.97034
19,38,273.69818,593.66724
19,39,273.22296,609.3243
19,40,273.14508,624.4893
19,41,273.06592,639.4347
19,42,272.89426,654.78723
19,43,272.37387,670.27545
19,44,272.19662,684.9041
20,0,286.37527,19.207737
20,1,276.28973,29.256912
20,2,287.4215,50.057095
20,3,287.74265,66.22332
20,4,284.09354,74.972824
20,5,283.20746,98.125854
20,6,290.72128,120.889915
20,7,291.05716,133.70564
20,8,289.18332,140.6115
20,9,289.07892,155.30692
20,10,289.40073,160.03404
20,11,281.77313,178.36449
20,12,287.1843,200.08733
20,13,286.8064,214.99438
20,14,285.28604,238.23145
20,15,288.1816,248.92847
20,16,288.2525,262.0433
20,17,291.4288,279.27554
20,18,294.7973,287.45242
20,19,294.6429,308.60406
20,20,288.97162,317.47992
20,21,282.25446,333.39365
20,22,285.8545,356.96957
20,23,293.65527,357.91183
20,24,290.74725,386.97964
20,25,283.74496,397.16824
20,26,283.50473,415.3109
20,27,280.11377,435.54404
20,28,283.6432,444.8883
20,29,283.08658,450.34814
20,30,283.33484,474.2104
20,31,282.9499,489.58054
20,32,283.60495,504.98984
20,33,284.42892,519.1673
20,34,285.00742,534.4619
20,35,285.47403,549.34424
20,36,285.9725,564.4566
20,37,286.63165,579.5678
20,38,286.23816,593.74414
20,39,286.31287,609.34906
20,40,286.49823,624.52856
20,41,286.3408,639.376
20,42,286.08664,655.096
20,43,285.15887,671.3651
20,44,285.86523,684.8975
21,0,300.0849,19.462532
21,1,285.12433,30.715088
21,2,299.47244,43.235477
21,3,299.3862,66.63712
21,4,298.51675,84.5686
21,5,299.3289,93.35487
21,6,306.28262,117.72875
21,7,308.35474,135.6793
21,8,312.13223,149.02759
21,9,297.28195,146.30511
21,10,302.88803,173.83076
21,11,301.62918,181.34435
21,12,303.07736,193.11093
21,13,299.321,220.32756
21,14,299.71442,238.77026
21,15,300.5707,247.86563
21,16,302.65848,263.25433
21,17,300.7907,272.58313
21,18,305.40265,291.047
21,19,302.358,306.33646
21,20,297.88168,320.8405
21,21,300.9244,335.06952
21,22,297.1759,347.29562
21,23,302.6246,371.26047
21,24,290.83963,384.87573
21,25,289.42584,400.704
21,26,302.5825,406.95615
21,27,294.39343,432.30396
21,28,299.92645,448.0991
21,29,296.45218,463.19434
21,30,291.65887,471.9406
21,31,297.4281,489.31488
21,32,297.86542,504.14072
21,33,297.54816,524.2542
21,34,297.9296,534.3987
21,35,299.23706,549.8672
21,36,303.80856,571.2216
21,37,301.17447,583.32776
21,38,299.87805,594.08887
21,39,299.83527,609.3784
21,40,302.146,624.5955
21,41,299.82825,639.4013
21,42,299.01025,655.3172
21,43,299.04938,669.9974
21,44,299.4623,684.8929
22,0,313.62677,18.964424
22,1,303.8023,30.130447
22,2,307.95065,45.601803
22,3,313.4027,68.240875
22,4,314.3405,83.0088
22,5,318.3366,102.751205
22,6,316.51956,122.9674
22,7,320.24664,134.05507
22,8,329.92932,153.1062
22,9,324.11905,154.64233
22,10,313.54678,171.64659
22,11,307.65765,180.33372
22,12,316.72916,196.40399
22,13,305.99323,220.76387
22,14,314.20142,236.67924
22,15,314.4593,254.32774
22,16,315.85297,262.92084
22,17,307.56387,275.4584
22,18,314.76678,292.13696
22,19,318.7999,306.48206
22,20,312.4622,321.93164
22,21,302.06833,338.75998
22,22,309.83124,354.5618
22,23,311.9079,363.41742
22,24,310.3899,385.90778
22,25,307.59396,398.7318
22,26,308.61142,413.979
22,27,309.61978,437.1956
22,28,310.3973,445.18335
22,29,309.93262,461.4697
22,30,308.33966,473.83572
22,31,309.8078,488.86578
22,32,310.40897,503.8596
22,33,311.15726,519.237
22,34,311.78436,533.38306
22,35,311.48706,549.93
22,36,312.2768,564.2596
22,37,312.90363,579.4522
22,38,312.8197,594.3047
22,39,312.82617,609.4199
22,40,312.72626,624.71655
22,41,312.5425,639.5856
22,42,311.97253,654.7997
22,43,312.6836,669.79706
22,44,312.8641,684.88965
23,0,332.3965,16.924444
23,1,324.6423,27.599113
23,2,321.32947,47.94316
23,3,329.96957,55.569504
23,4,324.54834,84.26872
23,5,324.36307,101.888794
23,6,316.4273,121.343925
23,7,338.03952,136.90706
23,8,340.5021,156.33757
23,9,341.70447,158.09998
23,10,329.75595,175.79315
23,11,327.18384,183.54219
23,12,324.76422,192.58076
23,13,332.47076,218.66585
23,14,328.2414,235.3834
23,15,330.28336,252.30524
23,16,331.13428,268.28387
23,17,334.0815,283.44354
23,18,326.217,290.4326
23,19,333.06046,310.6704
23,20,327.9284,325.2106
23,21,325.7175,338.0971
23,22,319.42136,353.38
23,23,324.73965,369.89096
23,24,319.84195,387.58984
23,25,317.94244,392.263
23,26,323.26,412.25845
23,27,322.11215,427.88672
23,28,324.11884,444.78802
23,29,331.22308,459.44482
23,30,324.36176,473.83282
23,31,321.63895,495.3231
23,32,325.06647,503.45364
23,33,325.70535,522.5696
23,34,326.03064,534.1786
23,35,326.22375,548.87836
23,36,327.46912,563.94507
23,37,327.04697,578.9832
23,38,326.92496,594.7165
23,39,326.46872,609.48676
23,40,326.32318,624.96063
23,41,326.20142,638.576
23,42,326.17355,654.67487
23,43,326.20358,669.7358
23,44,326.33752,684.887
24,0,334.3544,27.062233
24,1,331.07648,38.00845
24,2,328.96378,44.82089
24,3,340.3599,66.802185
24,4,339.22235,82.05213
24,5,339.11752,99.44946
24,6,339.63193,120.16534
24,7,336.20895,134.95554
24,8,349.3183,155.24066
24,9,342.07913,158.27979
24,10,336.77267,170.07962
24,11,340.79913,189.98828
24,12,337.87436,204.3817
24,13,343.86847,220.11519
24,14,344.83167,234.68149
24,15,345.23785,240.65965
24,16,351.1241,263.95816
24,17,349.0383,283.75357
24,18,342.99765,296.3851
24,19,341.6052,309.94434
24,20,340.27765,325.98508
24,21,339.27554,336.73706
24,22,342.89832,353.3224
24,23,342.46735,372.93295
24,24,339.01874,382.14478
24,25,335.52618,394.6949
24,26,338.5308,413.35123
24,27,337.50668,427.51636
24,28,336.2316,444.5929
24,29,333.55817,459.39276
24,30,336.68832,474.20847
24,31,337.6869,488.52066
24,32,338.50455,503.45215
24,33,339.14893,519.2699
24,34,339.6967,533.93445
24,35,339.4561,548.4768
24,36,339.38016,563.72626
24,37,339.69992,579.2123
24,38,342.18222,596.1755
24,39,340.1681,609.6274
24,40,339.39322,625.16064
24,41,338.22876,638.4415
24,42,338.86075,654.645
24,43,339.45273,669.7132
24,44,339.62955,684.8853
25,0,352.6593,18.018856
25,1,349.6707,30.818058
25,2,331.45865,43.07716
25,3,350.0239,68.274284
25,4,350.5744,77.53336
25,5,356.70355,102.16459
25,6,352.3026,117.723366
25,7,346.94797,127.79352
25,8,354.2182,144.68242
25,9,360.1456,168.06386
25,10,349.96234,159.07973
25,11,368.38776,193.16502
25,12,360.5017,201.41963
25,13,358.42984,212.37398
25,14,354.94543,233.82498
25,15,356.97348,242.72348
25,16,356.1537,266.10263
25,17,354.35416,277.92343
25,18,356.15182,295.16837
25,19,358.98715,312.14066
25,20,348.19324,326.26608
25,21,353.8515,339.19318
25,22,352.33636,352.44632
25,23,356.792,372.5591
25,24,355.31006,385.31253
25,25,350.61374,398.93073
25,26,350.12012,413.38898
25,27,353.9564,433.48242
25,28,350.39047,449.87048
25,29,351.2417,459.64313
25,30,351.84656,473.23178
25,31,351.94168,488.25644
25,32,351.6437,503.55667
25,33,345.6545,519.68054
25,34,352.5907,533.5627
25,35,353.50513,548.2833
25,36,353.24017,563.4112
25,37,353.31332,579.24146
25,38,356.09958,595.2098
25,39,354.2694,612.3103
25,40,352.9786,625.2596
25,41,351.7381,639.5617
25,42,352.79187,654.6358
25,43,352.98438,669.7033
25,44,353.0721,684.8837
26,0,361.06668,19.439535
26,1,358.49173,35.06353
26,2,347.25244,50.508366
26,3,357.35928,62.813347
26,4,365.63303,81.76185
26,5,365.3903,95.34408
26,6,365.89075,111.92334
26,7,370.4904,127.435684
26,8,365.0902,145.87195
26,9,368.2086,158.27248
26,10,374.07584,175.04662
26,11,379.7938,201.26389
26,12,375.23297,204.15207
26,13,373.1885,221.47592
26,14,371.37015,234.12926
26,15,371.32117,250.46117
26,16,371.35916,270.26727
26,17,370.0767,283.13165
26,18,372.6042,299.38614
26,19,368.90237,308.6898
26,20,368.48413,328.1319
26,21,375.71594,340.5594
26,22,381.2356,353.00507
26,23,364.03696,370.4199
26,24,364.46307,386.30902
26,25,365.0332,410.02057
26,26,364.35788,411.0104
26,27,364.47403,434.1228
26,28,368.03397,448.93784
26,29,365.33832,457.98514
26,30,365.79758,473.97696
26,31,365.92383,487.753
26,32,365.63223,503.8383
26,33,365.46564,518.94775
26,34,366.19565,533.4886
26,35,366.45004,548.1564
26,36,366.24487,563.3336
26,37,365.4311,581.5957
26,38,365.6249,595.395
26,39,366.42755,609.69135
26,40,370.7496,632.27466
26,41,366.63477,639.7913
26,42,366.46048,654.6357
26,43,366.44836,669.6976
26,44,366.46722,684.8825
27,0,379.31628,18.71756
27,1,373.51184,26.99117
27,2,375.98553,40.545288
27,3,376.0891,63.60914
27,4,376.96954,84.050064
27,5,377.28336,93.78433
27,6,379.85437,112.20934
27,7,379.5527,120.44951
27,8,377.1066,142.97148
27,9,378.6033,162.50526
27,10,381.41086,177.68643
27,11,386.74194,194.44786
27,12,385.66824,206.57678
27,13,379.9801,227.67381
27,14,386.2432,238.68567
27,15,386.64148,255.67146
27,16,391.756,271.7368
27,17,387.64716,294.66165
27,18,386.2326,300.23785
27,19,382.1124,314.91946
27,20,383.38614,326.61987
27,21,387.10846,341.50092
27,22,382.02737,351.19263
27,23,374.35886,369.3553
27,24,378.23282,386.92535
27,25,373.50385,405.1655
27,26,377.81476,424.18857
27,27,378.58463,429.73892
27,28,381.22968,441.99484
27,29,378.8956,462.12717
27,30,381.96786,477.8654
27,31,379.56464,489.44897
27,32,373.23322,503.0099
27,33,378.7035,518.3953
27,34,379.4139,533.28503
27,35,379.4312,547.1985
27,36,379.30212,563.3198
27,37,379.0934,579.9623
27,38,379.42184,594.87665
27,39,378.3034,607.22955
27,40,379.51755,624.67566
27,41,379.651,640.89655
27,42,379.71487,654.64545
27,43,379.76328,669.6933
27,44,379.7895,684.8814
28,0,395.94443,18.01047
28,1,412.76935,28.576298
28,2,388.6785,50.11836
28,3,389.41934,62.311474
28,4,386.54126,83.39104
28,5,386.50394,88.465744
28,6,389.99164,112.774925
28,7,388.57123,124.226906
28,8,379.91727,135.29408
28,9,392.45886,163.93788
28,10,390.7303,172.75948
28,11,389.95905,192.63162
28,12,393.5029,203.73227
28,13,394.14893,224.16273
28,14,395.16458,234.378
28,15,397.19116,256.58304
28,16,398.1412,274.99615
28,17,398.0845,287.31915
28,18,397.5035,303.55777
28,19,394.8088,312.42807
28,20,400.4443,320.06424
28,21,392.6603,349.53918
28,22,393.23053,365.2455
28,23,389.42615,371.80313
28,24,391.45575,384.84354
28,25,388.45697,404.40454
28,26,390.05698,412.88602
28,27,385.9638,427.932
28,28,392.42963,438.0691
28,29,392.22144,458.7595
28,30,392.86862,473.35782
28,31,394.58734,487.68436
28,32,393.80692,503.1411
28,33,393.2593,517.8385
28,34,393.4918,532.7296
28,35,394.89597,548.8233
28,36,393.30142,563.07666
28,37,392.865,579.2942
28,38,392.80518,594.56647
28,39,392.7384,609.67053
28,40,392.79648,624.36005
28,41,392.95532,639.7015
28,42,393.09824,654.67865
28,43,393.11377,669.68945
28,44,393.1506,684.8807
29,0,411.4155,22.24537
29,1,402.5453,37.8469
29,2,404.49002,49.34599
29,3,405.3028,68.04265
29,4,406.21002,78.90683
29,5,405.78476,95.638115
29,6,405.54285,112.934845
29,7,409.38043,128.8
29,8,403.86658,142.08482
29,9,404.9726,161.89296
29,10,405.74045,180.41174
29,11,404.88647,192.5351
29,12,419.4617,205.21056
29,13,410.7146,219.25429
29,14,408.70343,233.74529
29,15,409.04138,247.04852
29,16,412.689,275.69556
29,17,414.33533,285.7701
29,18,412.62704,301.22385
29,19,415.08224,323.5189
29,20,412.74612,332.35306
29,21,405.6887,346.4717
29,22,406.7534,366.86288
29,23,405.32935,380.40515
29,24,402.45895,390.8463
29,25,406.62952,401.69058
29,26,405.15137,414.94934
29,27,415.7061,420.35562
29,28,406.61618,439.79016
29,29,404.30325,455.27853
29,30,405.64175,473.72736
29,31,401.4248,488.49774
29,32,407.25836,504.57645
29,33,407.29498,517.20325
29,34,405.99548,532.2842
29,35,403.9123,551.5235
29,36,405.01987,563.27826
29,37,405.80133,579.3109
29,38,406.0147,594.5188
29,39,406.0934,609.3546
29,40,406.1719,624.39105
29,41,406.2552,639.66406
29,42,406.3308,654.7884
29,43,406.38586,669.68555
29,44,406.42737,684.88
30,0,419.72357,19.480534
30,1,412.23904,27.278143
30,2,421.45767,46.55965
30,3,415.20724,65.1665
30,4,417.76245,78.47568
30,5,415.01462,99.970924
30,6,416.8703,110.31305
30,7,417.4077,122.91769
30,8,421.14246,137.95113
30,9,429.4491,155.64014
30,10,420.51526,175.47755
30,11,420.45892,183.69734
30,12,421.66763,208.53758
30,13,418.99918,219.6492
30,14,419.42825,236.2833
30,15,425.1116,246.2995
30,16,423.44107,264.46725
30,17,428.1673,292.5872
30,18,422.1062,307.29788
30,19,425.9451,306.15778
30,20,418.94165,331.9255
30,21,426.7328,344.52808
30,22,420.3332,349.6006
30,23,416.02386,368.4411
30,24,416.66995,385.79468
30,25,424.25662,397.76743
30,26,415.8289,411.69687
30,27,417.883,426.61154
30,28,420.41837,442.6836
30,29,420.27972,456.83005
30,30,419.26443,473.56223
30,31,419.47113,489.1281
30,32,418.3277,506.27313
30,33,419.18546,518.589
30,34,420.77325,539.58765
30,35,419.0642,548.37555
30,36,419.23944,563.6219
30,37,419.74554,579.4483
30,38,421.5418,595.90515
30,39,420.1422,608.99664
30,40,419.87274,624.2443
30,41,419.8401,640.75726
30,42,419.8455,655.16077
30,43,419.85913,669.6817
30,44,419.87415,684.87933
31,0,428.57236,18.493324
31,1,439.40082,30.20014
31,2,433.66473,46.82285
31,3,432.2459,64.16389
31,4,432.92862,78.97359
31,5,432.41098,96.06458
31,6,433.0756,115.0764
31,7,432.61002,129.93686
31,8,426.26044,144.85825
31,9,432.00394,152.74155
31,10,430.48303,177.02768
31,11,433.07532,184.21935
31,12,435.0525,207.9063
31,13,450.03568,228.97362
31,14,437.65363,236.15318
31,15,437.8938,257.70813
31,16,435.92444,270.7913
31,17,437.61124,280.59845
31,18,446.88544,308.07657
31,19,443.59296,316.99088
31,20,428.96902,329.0495
31,21,433.07275,348.7209
31,22,426.69684,357.9885
31,23,429.86517,368.10953
31,24,432.3762,383.96262
31,25,432.4655,397.35437
31,26,433.1765,411.56897
31,27,431.84192,425.44247
31,28,430.93903,447.69907
31,29,434.41544,458.32578
31,30,436.16077,474.5199
31,31,432.91998,490.21722
31,32,433.00568,504.4255
31,33,433.24512,519.68896
31,34,433.70966,533.3783
31,35,434.0735,547.70374
31,36,433.39655,565.6976
31,37,430.6012,574.6714
31,38,432.63354,594.1518
31,39,432.96045,608.5205
31,40,433.08548,623.41907
31,41,433.14697,639.6464
31,42,433.1852,654.97156
31,43,433.2112,669.67883
31,44,433.22986,684.87897
32,0,445.00342,17.53283
32,1,438.8019,24.685926
32,2,447.00262,51.82096
32,3,445.76514,65.41594
32,4,445.98608,77.34795
32,5,447.8136,95.41649
32,6,446.63608,112.30701
32,7,450.92682,126.36614
32,8,440.15497,140.8809
32,9,446.03616,159.72546
32,10,446.84064,168.01042
32,11,446.22958,185.5185
32,12,450.2807,199.74756
32,13,450.21167,228.46756
32,14,445.5206,247.14363
32,15,447.85095,250.80284
32,16,453.80478,285.53177
32,17,454.4435,285.4682
32,18,449.61276,305.2925
32,19,456.6401,310.9402
32,20,456.97412,335.95
32,21,437.32123,352.8633
32,22,441.48892,353.66272
32,23,444.1741,364.54968
32,24,445.321,379.62506
32,25,445.46878,393.89746
32,26,446.3225,413.2393
32,27,441.87186,430.23254
32,28,446.0302,441.50732
32,29,447.6805,458.8717
32,30,447.18283,473.88757
32,31,446.77475,491.0479
32,32,447.1136,503.96066
32,33,447.48206,519.0136
32,34,448.3102,534.6979
32,35,446.70923,548.90216
32,36,445.36295,564.09247
32,37,446.42618,579.26807
32,38,446.55774,593.7604
32,39,446.54196,608.8643
32,40,446.52856,624.1141
32,41,446.6033,639.3945
32,42,446.61588,654.68945
32,43,446.62515,669.6772
32,44,446.6325,684.87823
33,0,451.3458,18.93805
33,1,465.76718,30.96739
33,2,456.6861,51.109848
33,3,457.72372,64.27303
33,4,458.75363,80.65298
33,5,460.1361,94.76531
33,6,458.05273,110.44299
33,7,455.69354,125.09893
33,8,456.3434,141.79054
33,9,455.16486,159.83452
33,10,455.62183,164.22409
33,11,453.84998,179.39871
33,12,454.78546,207.83508
33,13,456.56912,220.425
33,14,458.49643,239.13406
33,15,461.7635,253.88248
33,16,462.41504,263.03085
33,17,461.90906,280.74963
33,18,471.34753,302.07483
33,19,464.71896,312.68253
33,20,467.6101,319.74826
33,21,462.40762,329.05716
33,22,456.62247,359.4911
33,23,458.95453,367.29132
33,24,460.44284,384.22534
33,25,460.48627,405.41937
33,26,456.88657,413.10764
33,27,451.64014,424.6771
33,28,459.76062,442.00073
33,29,460.70035,458.36523
33,30,461.37112,474.38803
33,31,461.35083,491.1566
33,32,461.32144,503.6871
33,33,461.1528,518.7678
33,34,460.96857,531.7869
33,35,459.32455,548.99426
33,36,459.47058,563.8085
33,37,457.9336,579.1517
33,38,459.44745,593.60565
33,39,459.7946,608.9642
33,40,459.90094,624.2
33,41,459.95135,639.37335
33,42,459.97974,654.60925
33,43,459.9973,669.6771
33,44,460.0087,684.87775
34,0,471.36945,19.121176
34,1,467.81735,24.59354
34,2,469.66306,52.03238
34,3,470.6102,65.196304
34,4,470.46463,77.290955
34,5,473.15762,94.3402
34,6,478.55017,103.68578
34,7,471.91544,125.028206
34,8,473.0873,138.25333
34,9,465.9236,151.9433
34,10,470.06885,169.7174
34,11,470.1877,185.5384
34,12,469.0767,200.7872
34,13,473.38574,217.52885
34,14,474.87366,231.80504
34,15,473.7662,253.39836
34,16,477.45975,266.7181
34,17,477.43628,282.36365
34,18,479.34946,304.2576
34,19,481.50037,314.2987
34,20,473.97562,315.39966
34,21,466.57666,334.09003
34,22,473.00714,358.97272
34,23,481.42038,373.87527
34,24,474.12094,382.16843
34,25,473.7853,401.12643
34,26,480.2257,418.0792
34,27,473.02637,426.95963
34,28,475.48993,444.9527
34,29,476.01013,458.06274
34,30,476.65613,476.84247
34,31,476.47015,488.91074
34,32,474.07043,503.50534
34,33,474.03912,518.61847
34,34,473.56992,532.88794
34,35,472.96252,548.4201
34,36,472.99045,563.7955
34,37,472.86267,579.0882
34,38,472.98926,593.9143
34,39,473.1453,609.03394
34,40,473.2233,624.2361
34,41,473.26477,639.38007
34,42,473.28888,654.5861
34,43,473.30408,669.67926
34,44,473.31494,684.8773
35,0,486.3364,17.889177
35,1,482.525,30.696074
35,2,481.8308,51.878178
35,3,484.3511,66.538765
35,4,484.99246,78.77108
35,5,487.09348,92.76756
35,6,490.63455,99.28498
35,7,486.92172,124.69251
35,8,490.5343,145.3732
35,9,485.0001,152.062
35,10,482.644,168.9395
35,11,482.47095,183.01411
35,12,483.10025,197.06561
35,13,486.17215,217.75064
35,14,487.4293,233.2969
35,15,487.6158,250.2619
35,16,490.5193,266.4636
35,17,491.3881,280.74777
35,18,486.93442,299.27853
35,19,497.48935,318.78186
35,20,498.3498,332.1965
35,21,490.4392,338.95517
35,22,477.05124,348.3792
35,23,487.6667,371.83554
35,24,487.3261,384.98288
35,25,488.63022,399.52167
35,26,486.7549,412.4739
35,27,486.68442,426.50186
35,28,485.8545,444.41077
35,29,486.7708,459.02173
35,30,485.89206,476.8222
35,31,487.34985,488.2292
35,32,487.02396,503.35605
35,33,487.64612,518.19696
35,34,486.48984,533.94824
35,35,486.21252,548.1414
35,36,486.37863,563.78625
35,37,486.422,579.0085
35,38,486.4692,594.3245
35,39,486.52805,609.1006
35,40,486.57162,624.2676
35,41,486.5996,639.3932
35,42,486.61804,654.58124
35,43,486.62967,669.68286
35,44,486.6384,684.8768
36,0,500.56186,12.090627
36,1,505.75388,35.7842
36,2,495.57034,48.512714
36,3,497.9647,48.40425
36,4,497.5407,79.1004
36,5,497.47467,92.56978
36,6,506.31033,114.79798
36,7,500.54895,125.98883
36,8,499.76465,144.9785
36,9,491.8392,156.10013
36,10,497.36594,170.54726
36,11,495.5076,182.93677
36,12,498.8241,200.66908
36,13,498.4508,220.47801
36,14,498.50494,234.72322
36,15,501.59683,248.37779
36,16,502.81387,265.49255
36,17,502.64383,280.33093
36,18,502.35065,305.60983
36,19,502.81885,319.97565
36,20,501.91644,322.9082
36,21,506.54346,341.35062
36,22,502.03995,360.83768
36,23,499.50116,369.92105
36,24,501.72556,382.41757
36,25,496.41135,400.94513
36,26,499.02267,413.9567
36,27,499.21234,427.74896
36,28,500.03717,445.61172
36,29,498.9415,458.54626
36,30,498.42447,470.1302
36,31,502.35828,487.5613
36,32,501.26752,503.2317
36,33,501.51627,517.16516
36,34,500.23392,535.4417
36,35,500.17395,546.8452
36,36,500.11008,563.7721
36,37,499.65283,579.00964
36,38,493.71646,595.2311
36,39,499.51566,609.14886
36,40,499.79587,624.2947
36,41,499.88782,639.4078
36,42,499.92743,654.58386
36,43,499.97034,669.6877
36,44,499.96515,684.8764
37,0,515.6205,24.309069
37,1,512.8294,37.48151
37,2,513.0698,51.02633
37,3,513.6148,63.519382
37,4,511.43484,76.811424
37,5,511.5718,86.58696
37,6,511.13864,108.45888
37,7,513.2739,125.10723
37,8,513.0433,140.71451
37,9,512.5117,155.02295
37,10,508.39676,170.00734
37,11,510.21646,195.4189
37,12,514.56415,200.33342
37,13,514.0665,217.02264
37,14,514.4089,232.80986
37,15,504.59457,249.45024
37,16,514.6686,263.93423
37,17,514.4644,279.80295
37,18,515.5274,297.37027
37,19,514.2407,308.72305
37,20,511.98828,316.6662
37,21,512.12915,340.57468
37,22,515.7289,354.12332
37,23,515.8716,365.3876
37,24,515.2888,384.98926
37,25,520.7408,398.0332
37,26,521.30615,407.3421
37,27,513.7979,426.85107
37,28,513.4387,444.1747
37,29,512.59906,457.21265
37,30,513.55646,472.11826
37,31,513.69745,487.70868
37,32,514.2959,503.10892
37,33,513.7813,518.2775
37,34,513.05676,534.20935
37,35,512.8249,547.45654
37,36,513.0424,563.74225
37,37,512.8142,579.03955
37,38,512.5655,594.4456
37,39,513.0397,609.1826
37,40,513.1645,624.31757
37,41,513.22424,639.4214
37,42,513.2573,654.5892
37,43,513.2783,669.693
37,44,513.2923,684.8757
38,0,529.9944,23.430676
38,1,524.44867,40.60831
38,2,528.518,61.031193
38,3,525.9989,63.73548
38,4,525.1242,80.159386
38,5,524.81757,96.07117
38,6,523.3839,107.88802
38,7,521.76685,120.33638
38,8,525.56036,133.69728
38,9,527.3097,161.76402
38,10,527.14154,169.84624
38,11,531.739,187.31679
38,12,529.0148,201.59012
38,13,527.7376,216.3828
38,14,525.6325,230.99974
38,15,525.43494,242.96307
38,16,529.4282,260.24295
38,17,530.86725,279.19513
38,18,533.7357,298.6413
38,19,529.0148,307.1292
38,20,533.19116,328.4699
38,21,534.0733,340.98837
38,22,528.1299,356.73184
38,23,534.45807,363.95416
38,24,527.265,385.97522
38,25,528.76154,397.26868
38,26,528.41437,403.04892
38,27,526.4297,425.15353
38,28,527.11115,442.96066
38,29,527.84106,456.91318
38,30,527.0939,471.64856
38,31,527.33466,487.31213
38,32,527.8012,502.49026
38,33,532.44867,525.6476
38,34,527.59143,533.40826
38,35,527.569,546.8485
38,36,526.74115,563.70703
38,37,526.49426,579.17664
38,38,526.4193,594.15546
38,39,526.48236,609.206
38,40,526.5428,624.3353
38,41,526.5811,639.4333
38,42,526.6042,654.5953
38,43,526.6206,669.69855
38,44,526.6316,684.8751
39,0,539.6192,22.11834
39,1,538.9867,35.387623
39,2,540.45245,42.426735
39,3,537.55096,63.28661
39,4,538.54095,78.50329
39,5,538.70886,94.078094
39,6,538.7803,108.73575
39,7,540.4159,124.818886
39,8,539.8089,138.31297
39,9,541.2566,155.0907
39,10,540.9214,170.41759
39,11,540.6687,186.78044
39,12,538.7163,194.12846
39,13,544.1237,215.63916
39,14,543.9456,227.11533
39,15,541.0751,245.07361
39,16,542.57605,259.62497
39,17,549.7282,277.2493
39,18,547.3044,293.5927
39,19,543.2539,309.33856
39,20,541.3147,329.1379
39,21,543.2438,333.2704
39,22,541.98846,357.6466
39,23,545.5848,378.03247
39,24,542.3122,385.05173
39,25,542.2858,395.43155
39,26,541.32684,408.77655
39,27,540.8307,425.72266
39,28,538.5443,440.1849
39,29,540.0086,456.3776
39,30,540.33563,471.8459
39,31,540.81116,487.0804
39,32,542.0403,502.14944
39,33,541.3518,518.6345
39,34,540.30597,532.7637
39,35,538.6013,546.51044
39,36,539.65717,563.83167
39,37,539.7733,580.02405
39,38,539.8063,594.07855
39,39,539.8494,609.22266
39,40,539.893,624.3492
39,41,539.9264,639.4431
39,42,539.95123,654.6013
39,43,539.96844,669.704
39,44,539.981,684.8746
40,0,559.8495,17.109432
40,1,550.222,30.859568
40,2,550.99677,48.766647
40,3,550.76874,62.76088
40,4,551.4788,75.39059
40,5,551.2505,94.45759
40,6,551.46545,108.88863
40,7,553.08844,124.35807
40,8,554.53156,139.28987
40,9,553.5439,157.19109
40,10,554.2791,170.36728
40,11,553.9289,186.31348
40,12,552.0015,199.32166
40,13,554.9427,212.91762
40,14,555.6792,225.8822
40,15,555.6919,242.21088
40,16,555.1507,253.52403
40,17,560.8359,277.327
40,18,550.9251,290.44107
40,19,557.16754,310.3995
40,20,554.12964,322.9776
40,21,554.5941,337.74213
40,22,555.19507,356.37582
40,23,565.5833,380.0939
40,24,560.6621,383.30356
40,25,551.12445,398.0392
40,26,553.9622,409.3761
40,27,554.25195,425.0088
40,28,553.85364,442.70178
40,29,554.3741,455.44623
40,30,554.1594,469.47128
40,31,553.812,487.25583
40,32,553.6406,502.87314
40,33,553.4247,518.56525
40,34,553.1757,533.178
40,35,552.93365,548.20624
40,36,552.87756,563.96893
40,37,552.53656,579.72894
40,38,552.8419,594.0549
40,39,553.08875,609.2348
40,40,553.18317,624.36017
40,41,553.23193,639.4509
40,42,553.262,654.6066
40,43,553.28296,669.7091
40,44,553.2976,684.87384
41,0,568.9694,17.149193
41,1,564.0095,36.39676
41,2,567.6619,49.822548
41,3,567.2285,59.44987
41,4,567.34265,78.02479
41,5,567.5843,94.06254
41,6,567.4718,108.15039
41,7,567.9331,122.215256
41,8,567.80566,138.86098
41,9,571.0677,159.83797
41,10,566.7869,172.24344
41,11,575.9984,188.59865
41,12,573.3399,198.4202
41,13,569.28033,215.6013
41,14,580.55695,223.598
41,15,566.0603,243.44077
41,16,566.93616,259.92197
41,17,566.93317,276.21783
41,18,566.6277,291.85028
41,19,567.33575,308.07657
41,20,567.63165,322.53204
41,21,564.946,338.4636
41,22,564.07336,350.62088
41,23,570.8,373.1599
41,24,568.64825,381.6543
41,25,570.15125,397.67755
41,26,570.60095,409.71597
41,27,566.87787,428.60992
41,28,566.1907,443.62497
41,29,567.1343,456.12405
41,30,565.17084,470.25293
41,31,562.4301,487.32892
41,32,566.63074,503.06906
41,33,566.7095,518.4945
41,34,566.5683,533.4718
41,35,566.41156,548.44324
41,36,566.3102,563.9248
41,37,566.2475,579.1945
41,38,566.2986,594.05005
41,39,566.39105,609.2442
41,40,566.45575,624.36926
41,41,566.4974,639.45746
41,42,566.5276,654.6111
41,43,566.5488,669.7134
41,44,566.56604,684.873
42,0,581.3884,19.814259
42,1,581.4633,35.69396
42,2,578.8559,49.8401
42,3,578.9402,62.535877
42,4,578.21844,77.85112
42,5,578.8094,94.22235
42,6,578.8305,107.52175
42,7,578.6189,123.17496
42,8,578.6366,138.1795
42,9,579.2175,157.0448
42,10,578.8755,179.84918
42,11,581.35645,186.67207
42,12,581.9163,198.96446
42,13,584.99054,212.5209
42,14,583.2283,234.76244
42,15,581.779,243.53252
42,16,583.3489,254.45955
42,17,580.2775,275.23386
42,18,580.868,291.34155
42,19,579.2336,307.6281
42,20,581.4711,322.2365
42,21,580.9461,331.2778
42,22,580.6878,351.38403
42,23,580.74475,368.0184
42,24,586.5639,385.1617
42,25,580.52563,396.4649
42,26,580.3492,420.6519
42,27,576.99915,430.57007
42,28,579.39404,442.84317
42,29,579.87634,449.26367
42,30,579.84454,472.76666
42,31,574.6586,487.6771
42,32,580.3865,503.53256
42,33,580.48627,518.5286
42,34,580.0781,533.6282
42,35,579.90796,548.55414
42,36,579.8346,563.90204
42,37,579.8104,579.08905
42,38,579.8047,594.05237
42,39,579.82654,609.25116
42,40,579.82666,624.3763
42,41,579.8726,639.46265
42,42,579.8894,654.615
42,43,579.90265,669.7172
42,44,579.91425,684.8721
43,0,594.64996,20.481234
43,1,599.54755,30.57097
43,2,592.514,50.53114
43,3,592.67725,61.62401
43,4,592.95276,78.35926
43,5,592.6662,93.93482
43,6,593.2923,107.16195
43,7,593.9685,123.64941
43,8,593.88574,139.33289
43,9,594.30475,156.28964
43,10,596.421,169.26675
43,11,601.0878,185.20128
43,12,601.8134,195.42824
43,13,602.3377,210.21263
43,14,599.87775,223.63654
43,15,595.26025,244.17522
43,16,594.1071,258.9187
43,17,583.79706,274.18332
43,18,594.8269,288.6992
43,19,590.0708,311.79956
43,20,597.0817,318.9939
43,21,592.1583,337.926
43,22,593.8472,354.91986
43,23,594.7894,367.43433
43,24,594.7641,379.86575
43,25,596.9938,397.59106
43,26,593.15356,413.9255
43,27,591.6978,427.40918
43,28,592.9912,436.3357
43,29,592.85205,456.2763
43,30,593.28674,477.73465
43,31,593.5409,494.59448
43,32,593.4266,503.44662
43,33,593.51935,518.6775
43,34,593.5118,533.6502
43,35,593.42865,548.6192
43,36,593.3093,563.8901
43,37,593.24927,579.0507
43,38,593.226,594.0546
43,39,593.22577,609.2568
43,40,593.2343,624.3823
43,41,593.24493,639.4666
43,42,593.255,654.61816
43,43,593.2648,669.7204
43,44,593.27295,684.87085
44,0,608.0163,20.569891
44,1,598.9236,37.01309
44,2,607.2074,46.118713
44,3,607.5347,63.62293
44,4,607.15405,77.55343
44,5,607.26965,93.031975
44,6,608.3206,107.348526
44,7,608.7729,123.71764
44,8,608.1141,138.74768
44,9,607.9464,154.81711
44,10,607.20325,163.33974
44,11,614.27985,185.21056
44,12,621.0657,191.74109
44,13,609.937,207.09312
44,14,610.90845,231.68327
44,15,608.118,243.80988
44,16,604.34644,259.89972
44,17,607.3505,275.303
44,18,606.61066,291.671
44,19,606.9957,310.30014
44,20,602.5418,322.965
44,21,610.64844,335.54785
44,22,609.0444,354.46802
44,23,611.30994,366.88525
44,24,610.1547,383.63318
44,25,609.34,397.00574
44,26,608.26654,412.04947
44,27,606.9145,428.45877
44,28,610.4645,445.96655
44,29,605.84,457.38348
44,30,607.00165,475.08423
44,31,606.8087,486.9307
44,32,607.0102,503.01602
44,33,607.0711,518.91846
44,34,610.50476,537.1594
44,35,606.86926,548.6636
44,36,606.66876,563.8833
44,37,606.6023,579.032
44,38,606.574,594.0557
44,39,606.56537,609.26086
44,40,606.56696,624.3872
44,41,606.572,639.4692
44,42,606.5794,654.6205
44,43,606.5861,669.72314
44,44,606.5925,684.8697
45,0,617.7468,20.812069
45,1,618.298,36.74231
45,2,618.5675,47.694736
45,3,619.83844,61.255093
45,4,619.51544,77.782936
45,5,620.6148,93.47273
45,6,622.04376,107.61375
45,7,622.3799,123.57529
45,8,622.0438,137.8817
45,9,621.0644,153.90831
45,10,623.6134,167.94994
45,11,629.8341,176.65512
45,12,627.5135,190.14609
45,13,625.919,209.53159
45,14,618.4394,231.04118
45,15,622.871,248.33922
45,16,621.257,259.95163
45,17,619.92145,275.0802
45,18,613.8633,293.8322
45,19,623.59375,308.17664
45,20,622.02,322.42703
45,21,620.6978,337.2473
45,22,621.6121,354.323
45,23,629.15314,358.64682
45,24,622.9558,390.10672
45,25,622.96643,402.2356
45,26,622.81274,411.84247
45,27,619.9313,427.65576
45,28,619.83105,442.90967
45,29,617.5289,464.79404
45,30,620.4272,476.84198
45,31,617.02136,483.57828
45,32,619.8736,502.84198
45,33,619.9976,518.8022
45,34,619.9881,533.85706
45,35,619.966,548.6972
45,36,619.9448,563.87744
45,37,619.929,579.02045
45,38,619.92017,594.05383
45,39,619.917,609.2637
45,40,619.9178,624.3907
45,41,619.9207,639.4707
45,42,619.9252,654.6217
45,43,619.9297,669.7252
45,44,619.9346,684.8679
46,0,634.0427,20.970434
46,1,632.8655,30.77222
46,2,632.8058,48.326183
46,3,637.42395,63.199596
46,4,634.0281,78.32506
46,5,634.0671,93.25054
46,6,634.45856,108.84854
46,7,635.2916,123.817894
46,8,634.525,138.20491
46,9,635.2535,154.43216
46,10,634.55804,167.62932
46,11,630.6661,182.4161
46,12,630.7114,192.03989
46,13,631.8995,209.20529
46,14,631.8545,229.12904
46,15,631.67145,250.77711
46,16,632.79407,259.8901
46,17,633.03064,274.1102
46,18,633.1964,294.02042
46,19,633.41895,306.83978
46,20,633.825,321.92587
46,21,633.8292,338.2411
46,22,634.9493,354.63312
46,23,636.0141,366.4131
46,24,636.9866,388.6664
46,25,633.65814,405.25076
46,26,625.9647,418.2565
46,27,632.5105,428.19528
46,28,633.54663,439.65582
46,29,630.75397,458.06577
46,30,634.06036,473.32733
46,31,633.64655,487.80173
46,32,633.3825,503.03485
46,33,633.4084,518.6898
46,34,633.39813,533.6922
46,35,633.4227,548.7261
46,36,633.3991,563.8703
46,37,633.37976,579.0102
46,38,633.36615,594.0485
46,39,633.35736,609.26544
46,40,633.35223,624.3938
46,41,633.3498,639.47095
46,42,633.34955,654.62213
46,43,633.3496,669.72644
46,44,633.35077,684.86597
47,0,648.7678,24.581467
47,1,647.7587,34.62102
47,2,649.3921,48.914288
47,3,648.2282,65.01664
47,4,650.43164,69.61874
47,5,650.9549,90.98144
47,6,647.01807,110.44656
47,7,642.9259,124.022156
47,8,648.4346,139.21704
47,9,648.56256,154.71173
47,10,647.7784,169.37918
47,11,647.5052,183.31638
47,12,647.082,197.75975
47,13,651.34753,216.882
47,14,646.5303,228.6663
47,15,642.22156,242.90552
47,16,644.12,259.03745
47,17,646.0349,267.5586
47,18,646.4721,290.52402
47,19,646.6882,306.27933
47,20,647.25256,321.6509
47,21,648.206,339.69507
47,22,648.5328,354.14447
47,23,648.99567,368.67578
47,24,655.25824,387.58392
47,25,658.6937,403.81213
47,26,646.16174,419.48175
47,27,646.7985,429.54178
47,28,644.87665,441.3495
47,29,646.60236,456.16156
47,30,646.7439,472.74612
47,31,646.7288,487.86774
47,32,646.738,503.26276
47,33,646.759,518.68036
47,34,646.7591,533.6549
47,35,646.7446,548.7525
47,36,646.72876,563.8589
47,37,646.71564,578.99866
47,38,646.7057,594.03937
47,39,646.69904,609.2657
47,40,646.69464,624.39557
47,41,646.6924,639.47
47,42,646.69037,654.62146
47,43,646.6894,669.72675
47,44,646.68805,684.8636
48,0,662.62463,23.025448
48,1,662.1424,36.085377
48,2,663.1642,48.8855
48,3,658.33234,63.910908
48,4,660.6418,77.2676
48,5,661.2,91.98949
48,6,661.5981,107.78038
48,7,656.041,122.08957
48,8,661.48,136.64813
48,9,660.76416,154.88824
48,10,662.3825,170.17607
48,11,661.0317,180.79889
48,12,660.5977,200.29138
48,13,660.9558,215.07915
48,14,660.02,229.08846
48,15,659.01056,245.94699
48,16,658.6977,260.45038
48,17,658.81476,275.1321
48,18,659.39404,289.2304
48,19,660.1142,303.42743
48,20,660.5494,320.78665
48,21,660.80725,341.60486
48,22,665.64264,352.59937
48,23,661.22064,368.55573
48,24,660.8089,386.12357
48,25,662.7963,402.72842
48,26,661.61334,415.0616
48,27,676.5563,434.67752
48,28,661.0455,443.42697
48,29,660.1449,457.1565
48,30,660.49316,472.65054
48,31,660.3976,487.90564
48,32,660.34076,503.53174
48,33,660.30615,518.73004
48,34,660.24524,533.65027
48,35,660.1869,548.77844
48,36,660.14465,563.83765
48,37,660.1159,578.983
48,38,660.09534,594.0251
48,39,660.0807,609.26495
48,40,660.06836,624.3965
48,41,660.0602,639.4671
48,42,660.05286,654.61926
48,43,660.04694,669.7262
48,44,660.04254,684.8605
49,0,677.9884,23.097164
49,1,676.26917,34.00531
49,2,675.0669,47.49919
49,3,675.11743,63.086422
49,4,672.8924,74.36445
49,5,675.46906,92.399376
49,6,677.6607,107.08383
49,7,673.2569,124.162384
49,8,673.2357,137.9479
49,9,674.7661,154.94789
49,10,673.0445,171.00931
49,11,660.46246,181.20155
49,12,674.1364,200.26279
49,13,678.01135,215.66278
49,14,674.1065,230.47952
49,15,673.1061,246.20114
49,16,667.6055,262.96213
49,17,671.93823,276.3095
49,18,672.13214,289.4489
49,19,671.0084,301.79422
49,20,667.58746,316.54736
49,21,671.21185,337.78604
49,22,671.4067,355.5289
49,23,672.73914,365.95425
49,24,672.16986,381.59247
49,25,673.7187,404.68076
49,26,673.1961,415.50677
49,27,675.8809,437.46747
49,28,679.5592,447.8798
49,29,675.3142,463.37128
49,30,674.4686,472.6196
49,31,673.3056,488.44528
49,32,671.1811,504.03027
49,33,673.7312,518.83075
49,34,673.5396,533.52155
49,35,673.4814,548.8065
49,36,673.4474,563.7967
49,37,673.427,578.9608
49,38,673.4133,594.0065
49,39,673.40265,609.2623
49,40,673.3946,624.3955
49,41,673.38715,639.4619
49,42,673.3807,654.615
49,43,673.37585,669.7239
49,44,673.3716,684.8563
50,0,688.3196,29.79176
50,1,689.45215,37.70378
50,2,688.9462,47.74617
50,3,687.51953,63.25327
50,4,687.4794,78.32654
50,5,687.7465,93.18299
50,6,687.8492,107.0887
50,7,689.8652,124.55905
50,8,689.8875,140.0755
50,9,688.875,154.60226
50,10,682.479,172.3292
50,11,689.1355,186.89464
50,12,688.8543,202.22636
50,13,686.6011,211.83772
50,14,686.5658,232.17572
50,15,682.132,246.33536
50,16,679.7277,259.3573
50,17,684.2821,276.7752
50,18,683.98773,289.69623
50,19,685.0866,305.42026
50,20,683.7358,321.21527
50,21,686.6799,336.13226
50,22,686.75854,355.25363
50,23,686.3775,370.58426
50,24,686.8901,384.50653
50,25,687.5138,400.88138
50,26,687.18207,414.9122
50,27,687.34784,429.68643
50,28,687.79596,445.83273
50,29,687.1096,459.24173
50,30,686.9821,475.18182
50,31,690.6795,491.43845
50,32,686.6998,506.71805
50,33,687.1853,520.393
50,34,686.8047,533.35834
50,35,686.75635,548.842
50,36,686.7353,563.7097
50,37,686.7246,578.93225
50,38,686.7167,593.98456
50,39,686.7103,609.258
50,40,686.70374,624.3922
50,41,686.6973,639.45306
50,42,686.6916,654.6076
50,43,686.68634,669.7193
50,44,686.6821,684.85095
51,0,703.78864,24.170052
51,1,705.0112,38.06176
51,2,701.6342,48.30047
51,3,701.1068,63.631752
51,4,702.05035,78.51004
51,5,702.44904,93.225075
51,6,701.9489,107.038216
51,7,702.05554,125.663086
51,8,702.7286,140.62314
51,9,701.9432,154.93526
51,10,701.2077,173.02974
51,11,701.12634,186.43282
51,12,704.84393,197.51375
51,13,700.54944,216.10892
51,14,699.8136,231.98439
51,15,699.02386,246.82364
51,16,693.9655,262.55426
51,17,697.2358,276.29898
51,18,698.4151,290.8839
51,19,695.35065,306.38916
51,20,698.6322,321.33154
51,21,698.2822,336.89587
51,22,698.31116,355.51834
51,23,697.5539,366.05655
51,24,699.02405,385.56558
51,25,698.12506,398.56277
51,26,700.5989,414.42728
51,27,699.9963,430.99316
51,28,700.56885,444.1114
51,29,700.10455,459.16678
51,30,702.1037,478.93344
51,31,699.35516,489.43802
51,32,699.58026,508.3466
51,33,699.47595,520.56213
51,34,700.7991,533.6646
51,35,700.5571,548.91693
51,36,700.252,563.54254
51,37,700.1457,578.9136
51,38,700.10657,593.9653
51,39,700.0811,609.2501
51,40,700.0656,624.3851
51,41,700.0521,639.4379
51,42,700.042,654.5954
51,43,700.03375,669.7116
51,44,700.02734,684.8435
52,0,713.96576,20.867441
52,1,713.86865,35.03159
52,2,711.9762,47.86994
52,3,713.8149,63.61409
52,4,714.5756,78.02539
52,5,719.8839,91.34215
52,6,715.64923,105.96556
52,7,718.45044,125.33907
52,8,715.81934,140.2595
52,9,718.19434,155.42442
52,10,714.33887,171.62256
52,11,714.4643,186.84825
52,12,715.678,200.75156
52,13,713.73096,215.53223
52,14,713.37103,229.15019
52,15,712.2199,247.38095
52,16,707.9586,261.9548
52,17,711.47644,278.04895
52,18,712.3508,291.45053
52,19,712.72687,307.28128
52,20,712.85535,321.6338
52,21,712.7899,337.41812
52,22,713.02545,351.43365
52,23,710.82214,367.15933
52,24,711.6297,384.2419
52,25,711.53296,399.65887
52,26,713.1611,417.01294
52,27,712.6097,430.2948
52,28,714.8968,447.1171
52,29,713.9867,459.14587
52,30,714.2557,474.8107
52,31,714.12317,485.56833
52,32,713.37274,505.3515
52,33,712.3297,520.71075
52,34,712.6729,537.035
52,35,713.4149,549.28064
52,36,713.3674,563.5833
52,37,713.34216,578.9452
52,38,713.3674,593.95294
52,39,713.3787,609.23706
52,40,713.3786,624.3697
52,41,713.37445,639.4114
52,42,713.36865,654.5743
52,43,713.364,669.6979
52,44,713.3597,684.8329
53,0,729.087,20.40214
53,1,726.7935,26.266436
53,2,727.6554,48.420383
53,3,727.9543,63.319206
53,4,730.1502,73.50012
53,5,716.3353,99.35917
53,6,727.3863,103.7362
53,7,729.9853,124.68353
53,8,728.89435,138.99907
53,9,727.9818,155.58707
53,10,727.82764,170.78003
53,11,727.8378,186.20497
53,12,728.79333,201.72707
53,13,727.8231,217.31712
53,14,727.654,230.89319
53,15,727.7529,248.5257
53,16,725.828,262.1068
53,17,726.4521,276.70944
53,18,726.475,291.89435
53,19,726.5283,308.0915
53,20,726.5827,321.3877
53,21,726.2076,337.47433
53,22,725.7079,350.79968
53,23,726.05756,367.15686
53,24,726.0764,382.12274
53,25,726.2395,403.39966
53,26,727.19977,414.4511
53,27,727.00024,429.09155
53,28,726.8319,443.85638
53,29,726.71674,458.94467
53,30,726.5765,474.80084
53,31,727.18085,490.36426
53,32,729.30835,506.44287
53,33,725.23553,522.0147
53,34,725.86957,534.0741
53,35,726.2144,548.7263
53,36,726.42773,563.8021
53,37,726.58795,579.0321
53,38,726.6728,593.9416
53,39,726.70483,609.216
53,40,726.70917,624.3355
53,41,726.70605,639.3604
53,42,726.7019,654.53516
53,43,726.69775,669.6733
53,44,726.6949,684.85986
54,0,740.7157,19.48286
54,1,743.81885,29.458792
54,2,741.12354,48.98485
54,3,742.37,62.77498
54,4,742.3785,75.65334
54,5,742.1092,93.30075
54,6,741.3163,108.072296
54,7,740.1497,123.44897
54,8,740.40784,138.44926
54,9,743.3907,159.23886
54,10,740.1189,170.74287
54,11,741.95026,185.53462
54,12,746.1172,202.38805
54,13,741.5179,216.55493
54,14,741.8632,231.2196
54,15,741.59467,247.3665
54,16,740.6086,262.23462
54,17,743.56134,276.8755
54,18,740.4776,292.44577
54,19,739.997,307.8764
54,20,740.6951,320.18063
54,21,739.76605,337.64624
54,22,740.1124,354.05884
54,23,739.2194,362.887
54,24,740.6742,384.13602
54,25,742.51935,397.49503
54,26,740.3386,413.61813
54,27,740.69086,428.5945
54,28,740.55786,443.26923
54,29,742.7463,458.8197
54,30,740.3521,475.37524
54,31,740.84326,491.4631
54,32,739.38196,507.39703
54,33,740.20905,519.59717
54,34,739.9937,533.96246
54,35,740.00726,548.9044
54,36,740.067,563.9559
54,37,740.15875,579.16046
54,38,740.2165,593.91003
54,39,740.1926,609.1818
54,40,740.15155,624.2368
54,41,740.1227,639.2424
54,42,740.10364,654.45325
54,43,740.09064,669.6256
54,44,740.0812,684.8358
55,0,753.8034,20.64136
55,1,754.38824,27.133904
55,2,755.8941,50.063522
55,3,754.6411,68.015686
55,4,756.52057,80.41377
55,5,756.9504,92.70683
55,6,756.36456,106.8039
55,7,754.59814,124.20584
55,8,753.89233,139.82545
55,9,753.17865,156.3056
55,10,751.07336,170.62744
55,11,754.4646,185.9647
55,12,755.3135,203.05807
55,13,755.02484,216.5979
55,14,754.7566,230.4211
55,15,754.0913,246.49748
55,16,753.765,261.35928
55,17,753.29736,276.54575
55,18,753.2819,292.97052
55,19,753.1546,307.46475
55,20,752.9252,322.10205
55,21,753.3925,337.5619
55,22,754.41144,354.19858
55,23,754.3736,368.95227
55,24,752.95245,384.64966
55,25,755.289,398.56223
55,26,753.25275,412.8304
55,27,758.02405,434.13428
55,28,753.22186,443.28192
55,29,753.7345,460.24402
55,30,752.9942,474.04395
55,31,753.2808,489.62167
55,32,753.72736,504.41003
55,33,753.65344,519.15027
55,34,753.45886,533.9608
55,35,753.4832,548.93134
55,36,753.5963,564.06384
55,37,753.84393,579.36426
55,38,753.92596,593.8046
55,39,753.29865,609.13025
55,40,752.4115,622.7054
55,41,753.26514,638.8862
55,42,753.35455,654.24695
55,43,753.37683,669.52435
55,44,753.3831,684.74274
56,0,769.25275,16.384321
56,1,767.99536,32.099506
56,2,764.21265,45.25175
56,3,764.94666,63.541195
56,4,760.82776,75.53096
56,5,769.8664,91.0431
56,6,768.2255,106.93216
56,7,767.46606,126.51483
56,8,766.2338,141.76007
56,9,766.8268,155.34644
56,10,767.18134,170.307
56,11,767.873,185.44754
56,12,768.6289,200.27129
56,13,770.5867,216.15837
56,14,767.86523,230.0197
56,15,767.8547,246.18065
56,16,768.33716,259.98148
56,17,765.8075,275.79187
56,18,767.55457,293.4536
56,19,766.62915,308.26108
56,20,765.25433,323.8591
56,21,766.38464,337.5467
56,22,766.9869,353.4739
56,23,767.5024,369.14755
56,24,766.8184,385.08734
56,25,765.36774,398.8457
56,26,766.95386,414.45563
56,27,766.8622,428.46906
56,28,766.6387,444.32156
56,29,768.0781,464.61243
56,30,768.10486,473.6005
56,31,767.0575,488.86786
56,32,767.1314,504.12222
56,33,768.3458,521.79913
56,34,767.27814,534.0128
56,35,767.0975,548.9312
56,36,767.1976,564.1692
56,37,767.7726,579.52374
56,38,768.4128,595.0435
56,39,767.2128,609.07117
56,40,766.78406,624.01056
56,41,765.80005,638.8079
56,42,766.2745,654.0152
56,43,766.6178,669.33734
56,44,766.6928,684.6185
57,0,780.8962,20.714998
57,1,779.4413,32.57162
57,2,780.66864,48.083298
57,3,781.2811,64.785515
57,4,780.19714,77.59004
57,5,780.35126,91.54909
57,6,780.858,109.18016
57,7,781.7725,123.643616
57,8,781.03436,139.89212
57,9,782.8705,151.81174
57,10,780.9098,170.2179
57,11,780.6784,185.3255
57,12,778.94556,197.60106
57,13,780.354,215.55872
57,14,780.3798,230.07281
57,15,781.1872,245.90279
57,16,781.4843,259.45273
57,17,779.8724,274.5786
57,18,780.9114,292.24893
57,19,780.12146,307.53735
57,20,780.28375,322.58435
57,21,780.4501,337.52075
57,22,780.5672,353.1758
57,23,785.1289,371.4676
57,24,774.7256,384.09912
57,25,779.59784,399.3348
57,26,779.7327,414.49838
57,27,779.7185,428.3377
57,28,779.23816,444.41342
57,29,779.53595,459.46457
57,30,779.7414,473.44662
57,31,779.8089,488.73053
57,32,779.6529,503.81668
57,33,780.5029,518.87744
57,34,782.0463,534.2548
57,35,780.19696,548.8987
57,36,780.1388,564.1635
57,37,780.121,579.3464
57,38,780.1033,594.5298
57,39,780.0727,609.0865
57,40,780.01245,624.3393
57,41,779.88715,639.2764
57,42,779.46606,654.3603
57,43,779.78827,669.41254
57,44,779.94324,684.1063
58,0,794.8749,20.872211
58,1,797.69354,41.937664
58,2,794.6531,48.32028
58,3,794.85706,63.911472
58,4,794.26843,77.85679
58,5,795.669,91.30501
58,6,794.1677,109.384605
58,7,793.2195,123.986534
58,8,793.3792,139.81728
58,9,793.9222,154.77489
58,10,795.2057,170.30675
58,11,794.9743,185.31642
58,12,794.6909,200.43494
58,13,795.1402,215.52937
58,14,794.9157,229.71936
58,15,794.72626,245.65353
58,16,795.3884,259.29425
58,17,793.74713,275.7568
58,18,793.6067,291.71823
58,19,793.6768,307.33008
58,20,793.72034,322.8215
58,21,794.08795,337.37018
58,22,793.62756,353.1222
58,23,793.28125,370.61447
58,24,792.70776,386.5253
58,25,792.80426,398.5145
58,26,792.5405,414.01718
58,27,792.95386,428.19897
58,28,793.0088,443.6329
58,29,793.1066,458.7909
58,30,793.24097,473.37793
58,31,793.3153,488.70093
58,32,793.3531,503.74304
58,33,793.5518,518.8186
58,34,796.7125,535.7644
58,35,793.92444,548.8237
58,36,793.67444,564.12054
58,37,793.6136,579.2075
58,38,793.57837,593.8987
58,39,793.54785,609.17084
58,40,793.51324,624.4457
58,41,793.4601,639.44806
58,42,793.3553,654.5606
58,43,793.04694,669.6318
58,44,792.64374,683.85944
59,0,808.2772,20.82584
59,1,809.46844,34.969524
59,2,808.57635,45.35337
59,3,807.0655,63.366425
59,4,806.7404,78.18234
59,5,806.68054,92.568794
59,6,806.16797,109.043365
59,7,806.3738,124.05011
59,8,806.8097,139.6735
59,9,807.24786,154.8381
59,10,807.66284,170.2454
59,11,807.65894,187.46028
59,12,808.0909,200.86996
59,13,808.4226,215.92915
59,14,808.2565,229.71666
59,15,807.8385,245.4594
59,16,807.47516,260.31927
59,17,807.2053,275.90012
59,18,807.0484,291.5929
59,19,806.8062,307.4646
59,20,806.0354,323.53552
59,21,806.7293,337.24088
59,22,806.6844,353.1147
59,23,805.7255,369.08234
59,24,806.9083,388.36874
59,25,806.66766,397.8495
59,26,806.4915,413.13528
59,27,806.5069,428.07825
59,28,806.5531,443.3956
59,29,806.62274,458.5203
59,30,806.7142,473.3331
59,31,806.794,488.73398
59,32,806.8477,503.69553
59,33,806.9454,518.82025
59,34,807.307,531.85693
59,35,807.9322,548.772
59,36,807.1963,564.0596
59,37,807.0744,579.1358
59,38,807.0079,594.0569
59,39,806.9623,609.2529
59,40,806.92487,624.5258
59,41,806.8778,639.55963
59,42,806.7948,654.6665
59,43,806.66583,669.7702
59,44,806.5951,684.6538
60,0,821.68787,20.720642
60,1,822.14026,33.880043
60,2,823.26154,48.367226
60,3,820.40295,63.39375
60,4,820.20886,78.743065
60,5,820.30505,93.7044
60,6,820.1776,109.02051
60,7,820.1868,124.38233
60,8,820.4097,139.4295
60,9,822.55066,153.27214
60,10,821.39233,164.3517
60,11,821.92114,185.51813
60,12,821.2396,201.11986
60,13,821.28894,215.47473
60,14,821.5765,230.60532
60,15,821.97186,245.30406
60,16,821.3251,260.69043
60,17,821.0913,275.73868
60,18,820.579,291.4995
60,19,820.416,307.43137
60,20,821.09143,323.2481
60,21,820.32446,337.28973
60,22,819.9784,353.30423
60,23,820.122,368.3275
60,24,820.46924,384.34128
60,25,820.4638,397.50092
60,26,820.3016,412.9048
60,27,820.2224,428.10062
60,28,820.1936,443.30115
60,29,820.2125,458.4226
60,30,820.2775,473.29352
60,31,820.35846,488.87183
60,32,820.2778,503.65567
60,33,820.05066,518.8161
60,34,819.8626,533.6148
60,35,820.1863,548.9448
60,36,820.39453,563.8906
60,37,820.40063,579.12585
60,38,820.3545,594.16156
60,39,820.32666,609.3185
60,40,820.3196,624.61786
60,41,820.309,639.68524
60,42,820.2474,654.7473
60,43,820.1579,669.8734
60,44,820.10004,684.9279
61,0,834.9692,20.065546
61,1,836.38715,31.690111
61,2,834.7297,47.707783
61,3,833.85486,63.792896
61,4,833.7867,79.11309
61,5,833.6601,94.20853
61,6,833.61646,109.78195
61,7,833.638,124.636246
61,8,833.7286,139.73138
61,9,833.82825,154.7519
61,10,833.8814,169.92316
61,11,834.1167,185.06294
61,12,834.33167,203.88193
61,13,835.39484,215.4528
61,14,834.707,230.71404
61,15,834.4055,245.11009
61,16,835.2834,260.6562
61,17,833.9794,275.29556
61,18,833.7077,291.4775
61,19,833.5636,307.35797
61,20,833.3928,322.88977
61,21,833.50604,336.39447
61,22,836.46234,345.85162
61,23,833.5894,366.89856
61,24,833.2647,383.5025
61,25,833.6963,397.0399
61,26,833.58167,412.66037
61,27,833.56854,427.96722
61,28,833.6106,443.13962
61,29,833.68713,458.35052
61,30,833.8318,473.24527
61,31,834.45526,489.57593
61,32,834.03326,503.6117
61,33,833.7117,518.8036
61,34,833.57806,533.9234
61,35,833.5017,549.218
61,36,834.40027,565.37836
61,37,833.92865,579.2211
61,38,833.80865,594.2589
61,39,833.77344,609.35065
61,40,833.8099,624.74646
61,41,833.92035,639.94824
61,42,833.81067,654.8243
61,43,833.6421,669.9739
61,44,833.51184,684.94806
62,0,848.9253,19.902493
62,1,848.2862,35.606316
62,2,848.84827,46.759113
62,3,846.9207,64.094215
62,4,846.7198,79.35713
62,5,846.57117,94.50375
62,6,846.2462,110.205345
62,7,846.0834,124.8274
62,8,846.80396,139.99559
62,9,847.1058,154.8026
62,10,846.69836,170.40402
62,11,846.842,185.45963
62,12,847.7456,201.40717
62,13,847.2371,215.28583
62,14,847.49255,230.32414
62,15,847.82355,245.1087
62,16,848.93805,259.367
62,17,847.6186,276.21765
62,18,847.2369,291.60095
62,19,847.0413,307.45575
62,20,846.90594,323.0785
62,21,846.71796,337.5882
62,22,846.5125,352.1706
62,23,846.46515,367.56393
62,24,846.5446,383.20316
62,25,846.6499,396.30258
62,26,846.746,412.62213
62,27,846.8095,427.91586
62,28,846.87463,443.10214
62,29,846.9424,458.32175
62,30,846.9659,473.1639
62,31,846.93744,489.23456
62,32,846.905,503.55594
62,33,846.88196,518.77185
62,34,846.869,533.97156
62,35,846.9054,549.29095
62,36,847.0734,565.2516
62,37,847.2532,579.4484
62,38,847.2702,594.3514
62,39,847.17377,609.2356
62,40,847.2401,624.8901
62,41,848.4667,641.5152
62,42,847.3826,654.9069
62,43,847.0431,670.0915
62,44,846.8964,685.03394
63,0,860.36926,19.919725
63,1,860.9997,33.83147
63,2,860.3148,48.94965
63,3,860.1473,64.319305
63,4,860.06213,79.52244
63,5,859.9788,94.708176
63,6,859.8845,110.07501
63,7,859.8986,124.97133
63,8,860.1145,140.14029
63,9,860.5341,154.94849
63,10,860.03754,170.60558
63,11,859.8316,185.74086
63,12,860.32465,201.16768
63,13,861.34174,214.80562
63,14,862.32245,229.49881
63,15,861.5187,245.08583
63,16,861.8626,261.29797
63,17,861.24274,276.6489
63,18,860.5722,291.83823
63,19,860.37415,307.9298
63,20,853.7436,324.7908
63,21,860.00806,337.64194
63,22,860.0766,352.5182
63,23,860.1071,367.84427
63,24,860.2181,383.1635
63,25,860.3237,397.40503
63,26,860.2708,412.495
63,27,860.26416,427.90024
63,28,860.3338,443.0877
63,29,860.5006,458.31778
63,30,860.5478,472.94525
63,31,860.3959,488.69257
63,32,860.32434,503.48593
63,33,860.30145,518.72046
63,34,860.3225,533.9457
63,35,860.4349,549.1975
63,36,860.7602,564.3722
63,37,861.23096,579.98663
63,38,861.1315,594.4294
63,39,860.5162,608.2957
63,40,860.36456,625.032
63,41,860.328,640.1368
63,42,860.33655,654.9985
63,43,860.38403,670.2576
63,44,860.3888,685.0941
64,0,873.4725,19.949541
64,1,873.5113,34.45994
64,2,873.5049,49.46585
64,3,873.47614,64.43594
64,4,873.402,79.71715
64,5,873.3325,94.88468
64,6,873.28894,110.07606
64,7,873.2911,125.07751
64,8,873.3416,140.2386
64,9,873.4162,156.2919
64,10,873.52295,170.76126
64,11,873.7404,185.7349
64,12,874.8624,201.23306
64,13,875.7281,213.47658
64,14,875.51086,229.12878
64,15,874.83307,245.18364
64,16,878.6896,258.48257
64,17,878.0515,283.73962
64,18,873.7409,293.58676
64,19,872.9436,307.70773
64,20,873.7054,322.57996
64,21,873.7869,337.85492
64,22,873.85406,352.5877
64,23,873.7907,367.95892
64,24,873.9634,383.36035
64,25,874.88745,397.57236
64,26,873.8093,412.35086
64,27,873.69794,427.8897
64,28,873.75885,443.0873
64,29,874.2218,458.3411
64,30,874.69604,472.2431
64,31,873.77454,488.54465
64,32,873.6311,503.40616
64,33,873.55066,518.64886
64,34,873.4869,533.8922
64,35,873.4295,549.12354
64,36,873.3699,564.2003
64,37,873.2796,579.6801
64,38,873.0807,594.4716
64,39,872.93207,609.2712
64,40,872.9151,625.12134
64,41,872.5101,639.89325
64,42,873.44525,655.0893
64,43,873.8664,670.42896
64,44,874.6901,685.1337
65,0,887.3595,20.028002
65,1,887.19214,34.68679
65,2,887.14,49.53528
65,3,887.14075,64.23508
65,4,886.8883,79.85985
65,5,886.78156,94.96191
65,6,886.7486,110.11329
65,7,886.7664,125.15946
65,8,886.8372,140.31354
65,9,886.9801,155.66547
65,10,887.23535,170.98975
65,11,886.73834,185.78064
65,12,888.1409,200.12029
65,13,889.7005,209.78087
65,14,890.17084,229.70294
65,15,888.24646,244.839
65,16,887.50934,260.9929
65,17,888.15137,277.45358
65,18,887.00183,293.1845
65,19,887.56494,307.82993
65,20,887.469,322.42834
65,21,887.505,338.58823
65,22,888.6236,353.417
65,23,887.292,368.08298
65,24,887.19635,383.23297
65,25,887.1278,397.60117
65,26,887.03,411.9789
65,27,887.03625,427.8528
65,28,887.02484,443.09204
65,29,887.0649,458.24728
65,30,887.07025,472.91946
65,31,887.03864,488.61475
65,32,886.98846,503.3039
65,33,886.9326,518.54156
65,34,886.8796,533.83276
65,35,886.82666,549.0748
65,36,886.77057,564.03107
65,37,886.703,579.39575
65,38,886.6216,594.49493
65,39,886.56635,609.57605
65,40,886.54736,624.9224
65,41,886.6019,639.86255
65,42,886.82635,655.157
65,43,887.05536,670.5313
65,44,887.2098,685.18005
66,0,900.88214,20.035397
66,1,900.6368,34.80189
66,2,900.5917,49.663696
66,3,900.77057,63.64212
66,4,900.214,79.993675
66,5,900.07996,95.12195
66,6,900.02893,110.15599
66,7,900.0225,125.22778
66,8,900.06384,140.37244
66,9,900.1988,155.62071
66,10,900.72,171.51666
66,11,901.24536,185.7361
66,12,900.8477,200.05841
66,13,904.1713,213.16295
66,14,899.38135,229.0455
66,15,899.3134,244.05466
66,16,900.1697,261.52176
66,17,900.55554,278.40707
66,18,900.0199,292.14392
66,19,900.0024,307.193
66,20,900.0677,322.33414
66,21,900.1714,338.92786
66,22,900.33167,353.82053
66,23,900.76385,368.32407
66,24,901.838,383.75482
66,25,900.6779,397.59866
66,26,898.5495,404.88995
66,27,900.3833,427.7403
66,28,900.6507,443.07144
66,29,901.17725,458.6246
66,30,901.00806,473.11252
66,31,900.7204,488.6447
66,32,900.55023,503.0886
66,33,900.4287,518.3333
66,34,900.349,533.78827
66,35,900.27924,549.06793
66,36,900.20197,563.7726
66,37,900.1438,579.25366
66,38,900.09906,594.5219
66,39,900.0766,609.9289
66,40,900.0934,624.8533
66,41,900.1811,639.89716
66,42,900.37634,655.2049
66,43,900.6902,670.5556
66,44,904.11383,685.35864
67,0,914.34143,20.037413
67,1,909.5233,34.87041
67,2,913.75867,49.755295
67,3,913.61066,64.57312
67,4,913.4914,80.137474
67,5,913.4022,95.31616
67,6,913.3492,110.19704
67,7,913.3239,125.331985
67,8,913.32434,140.42099
67,9,913.3596,155.63045
67,10,913.4864,171.36064
67,11,913.96844,186.40845
67,12,912.7866,202.10536
67,13,910.90234,214.60458
67,14,913.6951,230.91826
67,15,914.62274,244.7572
67,16,913.6496,261.84137
67,17,913.17285,278.5218
67,18,912.0915,292.02283
67,19,912.41174,306.58258
67,20,912.70123,322.2562
67,21,912.70844,338.05463
67,22,912.9293,352.53088
67,23,913.2173,368.08588
67,24,913.4875,383.335
67,25,913.58636,397.64536
67,26,912.7703,410.61993
67,27,913.32465,427.4124
67,28,913.61957,442.86295
67,29,914.98236,456.89838
67,30,914.0987,472.8529
67,31,913.939,487.4458
67,32,913.49677,502.11456
67,33,913.5804,517.999
67,34,913.6936,533.8404
67,35,913.71185,549.1517
67,36,913.6793,562.25055
67,37,913.5927,579.1529
67,38,913.29395,594.6029
67,39,919.78937,609.955
67,40,913.7981,624.841
67,41,913.7758,639.9523
67,42,914.05035,655.2796
67,43,914.5003,670.5395
67,44,914.35565,685.6409
68,0,926.7448,20.037365
68,1,926.80865,34.916096
68,2,926.9712,49.82298
68,3,927.06445,64.86984
68,4,926.7375,80.297386
68,5,926.3803,95.84037
68,6,925.5836,110.21424
68,7,926.39984,125.371925
68,8,926.56445,140.46185
68,9,926.62775,155.65094
68,10,926.66595,171.04056
68,11,926.68134,186.698
68,12,926.2687,199.96718
68,13,930.1251,215.23062
68,14,927.99805,230.7678
68,15,927.32166,245.749
68,16,924.49414,263.19485
68,17,924.3931,277.4159
68,18,926.37244,292.00504
68,19,926.43646,307.41992
68,20,926.4458,322.2733
68,21,926.3937,341.48224
68,22,926.47296,356.36325
68,23,926.50964,367.8089
68,24,926.39166,382.4264
68,25,925.964,397.6452
68,26,925.1321,411.45578
68,27,927.27936,425.46454
68,28,927.0269,442.08548
68,29,928.9034,458.22803
68,30,927.3964,469.0599
68,31,927.2848,488.25763
68,32,926.76544,502.6638
68,33,926.9879,518.3685
68,34,927.33124,534.28143
68,35,927.2137,549.4679
68,36,927.14166,563.4295
68,37,926.84094,579.34686
68,38,926.1519,594.82983
68,39,926.6388,609.3492
68,40,926.8274,624.8524
68,41,926.9176,640.04
68,42,927.0536,655.04474
68,43,927.65405,671.29266
68,44,927.5567,685.5494
69,0,940.0629,20.036383
69,1,940.12354,34.94785
69,2,940.29,49.875393
69,3,940.3804,65.002045
69,4,939.95575,80.35978
69,5,939.11346,96.45638
69,6,939.56384,110.256424
69,7,939.84186,125.366035
69,8,939.9156,140.49689
69,9,939.9488,155.68437
69,10,939.97064,170.91684
69,11,939.9924,186.1084
69,12,940.02496,200.71109
69,13,940.1425,215.69772
69,14,940.84314,226.57693
69,15,939.695,245.89828
69,16,939.73914,261.9532
69,17,939.7122,276.48965
69,18,939.6009,291.9317
69,19,939.13025,307.7356
69,20,939.6069,322.05753
69,21,939.89905,337.7974
69,22,940.03534,352.5481
69,23,940.1438,367.71918
69,24,940.27026,382.3634
69,25,940.37946,396.8707
69,26,939.4672,412.97552
69,27,939.7042,426.52698
69,28,939.88776,442.28372
69,29,939.9118,458.04858
69,30,939.8955,472.9866
69,31,939.8506,488.51572
69,32,939.8558,503.34003
69,33,940.0138,518.7661
69,34,940.35205,536.7951
69,35,941.7801,550.87506
69,36,941.4255,563.99243
69,37,940.3328,579.76
69,38,938.675,595.4267
69,39,939.9527,609.54254
69,40,939.8999,624.9132
69,41,939.43835,640.1386
69,42,939.99335,654.7879
69,43,940.3847,670.3113
69,44,940.6957,685.24567
70,0,953.2517,20.034908
70,1,953.23444,34.97123
70,2,953.2077,49.917137
70,3,953.1634,65.06075
70,4,953.0824,80.30896
70,5,952.975,95.548195
70,6,953.02246,110.28545
70,7,953.13165,125.39836
70,8,953.1972,140.51173
70,9,953.2381,155.70558
70,10,953.26886,170.9145
70,11,953.2986,186.00502
70,12,953.33765,200.88106
70,13,953.41205,215.8176
70,14,953.6041,231.28696
70,15,953.39343,246.3142
70,16,952.93646,261.79883
70,17,952.6332,276.69867
70,18,952.75653,291.8653
70,19,953.12695,307.13538
70,20,953.3035,321.66064
70,21,953.4096,337.40546
70,22,953.54443,352.43256
70,23,953.7116,367.68323
70,24,953.98553,381.8353
70,25,954.0602,395.57544
70,26,952.9549,412.45587
70,27,953.20245,427.47723
70,28,953.26666,442.71805
70,29,953.2696,458.0644
70,30,953.25494,473.21106
70,31,953.23816,488.5742
70,32,953.24426,503.52127
70,33,953.2912,518.82635
70,34,953.36505,534.2592
70,35,953.4785,549.762
70,36,953.62476,564.2484
70,37,953.9989,580.1296
70,38,952.2535,600.4297
70,39,954.6383,609.5669
70,40,953.7676,625.13983
70,41,953.57874,640.7114
70,42,953.6945,654.83057
70,43,954.16724,670.0287
70,44,955.89124,685.03796
71,0,966.68317,20.033195
71,1,966.6851,34.988987
71,2,966.6871,49.951252
71,3,966.6898,65.085754
71,4,966.69305,80.26117
71,5,966.6967,95.403534
71,6,966.70184,110.326355
71,7,966.70825,125.42678
71,8,966.7172,140.53891
71,9,966.7301,155.72542
71,10,966.74945,170.89102
71,11,966.78217,185.97884
71,12,966.847,200.95657
71,13,967.0283,215.90453
71,14,968.51917,229.42256
71,15,965.76154,246.39415
71,16,966.7019,261.7633
71,17,966.70917,276.89645
71,18,966.5313,291.9403
71,19,966.10394,307.1679
71,20,966.1395,321.50623
71,21,966.54285,337.32196
71,22,966.638,352.47046
71,23,966.8395,367.64874
71,24,965.81415,382.06454
71,25,966.19714,398.2689
71,26,966.4583,412.56375
71,27,966.5653,427.7137
71,28,966.58997,442.87546
71,29,966.5979,458.10416
71,30,966.60034,473.28082
71,31,966.6004,488.58325
71,32,966.59924,503.57996
71,33,966.59717,518.8017
71,34,966.5945,534.0473
71,35,966.5904,549.31726
71,36,966.5845,564.2747
71,37,966.5708,579.9826
71,38,966.6354,596.3555
71,39,967.56226,609.8908
71,40,966.74225,625.3524
71,41,966.76196,640.51526
71,42,967.3649,654.3499
71,43,968.92865,669.7145
71,44,969.80743,683.8128
