72,45
0,0,20.169329,19.490368
0,1,20.29123,30.451303
0,2,20.299324,40.502274
0,3,20.1047,50.641884
0,4,20.007957,60.74117
0,5,19.92931,71.13892
0,6,19.825634,81.96898
0,7,19.711788,92.039825
0,8,19.734873,102.28076
0,9,19.813478,112.30716
0,10,19.92067,122.63709
0,11,20.106352,133.14134
0,12,21.389057,147.27289
0,13,20.186247,153.04308
0,14,20.060686,163.2231
0,15,20.026762,173.59474
0,16,20.013103,183.62817
0,17,20.006542,193.80934
0,18,20.003067,203.96706
0,19,20.001112,214.16647
0,20,19.99996,224.46346
0,21,19.999287,234.66667
0,22,19.99888,244.88889
0,23,19.998644,255.11111
0,24,19.998516,265.33334
0,25,19.998455,275.55554
0,26,19.998434,285.77777
0,27,19.998446,296.0
0,28,19.998468,306.22223
0,29,19.99851,316.44446
0,30,19.998554,326.66666
0,31,19.9986,336.8889
0,32,19.998653,347.1111
0,33,19.998705,357.33334
0,34,19.998755,367.55557
0,35,19.998804,377.77777
0,36,19.998848,388.0
0,37,19.998898,398.22223
0,38,19.998938,408.44446
0,39,19.998981,418.66666
0,40,19.999022,428.8889
0,41,19.999062,439.1111
0,42,19.999094,449.33334
0,43,19.99913,459.55557
0,44,19.999163,469.77777
1,0,26.065931,17.670614
1,1,26.627478,29.970333
1,2,26.889442,40.500187
1,3,26.405386,50.671635
1,4,26.300386,60.879944
1,5,26.197176,71.32408
1,6,25.937656,82.02414
1,7,25.75603,91.99284
1,8,26.125162,102.86335
1,9,26.21015,112.20244
1,10,26.287745,122.47826
1,11,26.397852,132.80789
1,12,26.925598,147.90662
1,13,26.62091,153.13524
1,14,26.440664,163.26932
1,15,26.398252,173.67131
1,16,26.382761,183.64958
1,17,26.376043,193.81854
1,18,26.372969,203.96567
1,19,26.371609,214.16321
1,20,26.371124,224.46461
1,21,26.37111,234.66667
1,22,26.371353,244.88889
1,23,26.371738,255.11111
1,24,26.372198,265.33334
1,25,26.372683,275.55554
1,26,26.373178,285.77777
1,27,26.373678,296.0
1,28,26.374157,306.22223
1,29,26.374628,316.44446
1,30,26.375072,326.66666
1,31,26.375502,336.8889
1,32,26.37591,347.1111
1,33,26.376295,357.33334
1,34,26.376667,367.55557
1,35,26.377018,377.77777
1,36,26.377352,388.0
1,37,26.37767,398.22223
1,38,26.37797,408.44446
1,39,26.378258,418.66666
1,40,26.378529,428.8889
1,41,26.378788,439.1111
1,42,26.379042,449.33334
1,43,26.379272,459.55557
1,44,26.379503,469.77777
2,0,31.355629,16.501848
2,1,33.04713,29.799324
2,2,33.531033,40.898605
2,3,32.89733,50.71714
2,4,32.763573,60.998623
2,5,32.65062,71.625755
2,6,32.492447,81.84036
2,7,32.35295,91.94621
2,8,31.8603,103.35239
2,9,32.375996,112.14565
2,10,32.655724,122.39814
2,11,32.797035,132.67715
2,12,33.08758,143.0207
2,13,33.420986,153.45099
2,14,32.91229,163.36505
2,15,32.83776,173.8061
2,16,32.81134,183.68382
2,17,32.798885,193.83188
2,18,32.79209,203.96416
2,19,32.788036,214.15947
2,20,32.785427,224.46594
2,21,32.783707,234.66667
2,22,32.782486,244.88889
2,23,32.78163,255.11111
2,24,32.781,265.33334
2,25,32.78052,275.55554
2,26,32.780144,285.77777
2,27,32.77987,296.0
2,28,32.77964,306.22223
2,29,32.779457,316.44446
2,30,32.779316,326.66666
2,31,32.77919,336.8889
2,32,32.779087,347.1111
2,33,32.77901,357.33334
2,34,32.778934,367.55557
2,35,32.778862,377.77777
2,36,32.778824,388.0
2,37,32.77877,398.22223
2,38,32.778732,408.44446
2,39,32.778694,418.66666
2,40,32.778664,428.8889
2,41,32.77864,439.1111
2,42,32.778603,449.33334
2,43,32.778587,459.55557
2,44,32.77856,469.77777
3,0,39.861835,19.297161
3,1,39.50576,29.36757
3,2,41.123905,42.36658
3,3,39.468716,50.786625
3,4,39.10645,61.14709
3,5,39.019604,72.12661
3,6,38.92946,81.83193
3,7,38.844845,91.85485
3,8,38.74922,102.312904
3,9,38.860878,112.10689
3,10,39.012974,122.349846
3,11,39.112682,132.60938
3,12,39.412655,142.87958
3,13,42.49854,155.85454
3,14,39.70935,163.69543
3,15,39.209827,174.0952
3,16,39.17956,183.74464
3,17,39.16738,193.8522
3,18,39.161625,203.9625
3,19,39.15869,214.15518
3,20,39.157146,224.46745
3,21,39.156384,234.66667
3,22,39.156055,244.88889
3,23,39.15597,255.11111
3,24,39.156036,265.33334
3,25,39.156208,275.55554
3,26,39.156414,285.77777
3,27,39.156662,296.0
3,28,39.156918,306.22223
3,29,39.157192,316.44446
3,30,39.157455,326.66666
3,31,39.15771,336.8889
3,32,39.15797,347.1111
3,33,39.158215,357.33334
3,34,39.158455,367.55557
3,35,39.158684,377.77777
3,36,39.158894,388.0
3,37,39.159103,398.22223
3,38,39.159306,408.44446
3,39,39.1595,418.66666
3,40,39.15968,428.8889
3,41,39.159855,439.1111
3,42,39.16002,449.33334
3,43,39.160183,459.55557
3,44,39.160343,469.77777
4,0,45.677994,22.42403
4,1,44.61203,28.15153
4,2,46.265663,45.08229
4,3,45.746605,50.901405
4,4,45.461475,61.46265
4,5,45.164604,71.91
4,6,45.13948,82.093575
4,7,45.29163,91.76351
4,8,45.313725,102.07233
4,9,45.36479,112.07944
4,10,45.440285,122.3171
4,11,45.5704,132.56729
4,12,45.661057,142.81253
4,13,45.85756,153.40872
4,14,46.65787,170.82704
4,15,45.91345,175.44159
4,16,45.657665,183.88548
4,17,45.60402,193.88708
4,18,45.582573,203.9607
4,19,45.57174,214.15016
4,20,45.565456,224.4692
4,21,45.561607,234.66667
4,22,45.559086,244.88889
4,23,45.557373,255.11111
4,24,45.55618,265.33334
4,25,45.555332,275.55554
4,26,45.55471,285.77777
4,27,45.55426,296.0
4,28,45.553932,306.22223
4,29,45.553684,316.44446
4,30,45.55351,326.66666
4,31,45.553375,336.8889
4,32,45.553284,347.1111
4,33,45.55322,357.33334
4,34,45.55317,367.55557
4,35,45.553146,377.77777
4,36,45.553123,388.0
4,37,45.553127,398.22223
4,38,45.553135,408.44446
4,39,45.553146,418.66666
4,40,45.553165,428.8889
4,41,45.553177,439.1111
4,42,45.553204,449.33334
4,43,45.553234,459.55557
4,44,45.553257,469.77777
5,0,51.63205,19.528502
5,1,53.466717,31.2346
5,2,52.656353,41.84249
5,3,53.09364,51.22641
5,4,51.890167,62.682922
5,5,51.734425,71.64243
5,6,51.69884,83.88245
5,7,51.732334,91.69314
5,8,51.757175,101.96938
5,9,51.789833,112.058685
5,10,51.833305,122.29329
5,11,51.873196,132.53856
5,12,51.908607,142.7732
5,13,51.946762,153.12929
5,14,52.00633,163.63405
5,15,52.28983,176.00124
5,16,52.948433,185.32214
5,17,52.091457,194.09758
5,18,52.007767,203.95871
5,19,51.978626,214.14426
5,20,51.964424,224.4712
5,21,51.95657,234.66667
5,22,51.951725,244.88889
5,23,51.948563,255.11111
5,24,51.94642,265.33334
5,25,51.944927,275.55554
5,26,51.94385,285.77777
5,27,51.943073,296.0
5,28,51.942505,306.22223
5,29,51.94208,316.44446
5,30,51.94177,326.66666
5,31,51.941536,336.8889
5,32,51.941364,347.1111
5,33,51.941246,357.33334
5,34,51.941154,367.55557
5,35,51.9411,377.77777
5,36,51.941067,388.0
5,37,51.941048,398.22223
5,38,51.94104,408.44446
5,39,51.94105,418.66666
5,40,51.941067,428.8889
5,41,51.941082,439.1111
5,42,51.941113,449.33334
5,43,51.94114,459.55557
5,44,51.941177,469.77777
6,0,58.56105,20.204597
6,1,58.283276,31.304686
6,2,58.310345,41.202644
6,3,58.657555,51.573208
6,4,58.243744,61.556416
6,5,57.969536,71.46869
6,6,57.789986,82.187454
6,7,58.01111,91.64044
6,8,58.18001,101.91128
6,9,58.24697,112.04173
6,10,58.28484,122.274635
6,11,58.312202,132.51715
6,12,58.33673,142.74678
6,13,58.364365,153.03455
6,14,58.404655,163.35391
6,15,58.496143,174.2753
6,16,58.99519,186.1743
6,17,58.880028,194.45187
6,18,58.5006,203.95651
6,19,58.42411,214.13713
6,20,58.391994,224.47359
6,21,58.37511,234.66667
6,22,58.364758,244.88889
6,23,58.357883,255.11111
6,24,58.353058,265.33334
6,25,58.349514,275.55554
6,26,58.346844,285.77777
6,27,58.34476,296.0
6,28,58.343117,306.22223
6,29,58.34179,316.44446
6,30,58.340706,326.66666
6,31,58.3398,336.8889
6,32,58.339054,347.1111
6,33,58.33841,357.33334
6,34,58.337868,367.55557
6,35,58.337406,377.77777
6,36,58.336998,388.0
6,37,58.336647,398.22223
6,38,58.33634,408.44446
6,39,58.33607,418.66666
6,40,58.335827,428.8889
6,41,58.335617,439.1111
6,42,58.335426,449.33334
6,43,58.33526,459.55557
6,44,58.335102,469.77777
7,0,65.07766,20.689238
7,1,65.07524,30.902618
7,2,64.7329,41.09426
7,3,64.665726,50.70507
7,4,64.619064,61.06178
7,5,64.55672,71.3138
7,6,64.48324,81.68876
7,7,64.523346,91.59547
7,8,64.59762,101.87238
7,9,64.64182,112.02722
7,10,64.66914,122.259346
7,11,64.688675,132.50044
7,12,64.70506,142.72765
7,13,64.72155,152.98643
7,14,64.74225,163.25868
7,15,64.77841,173.87502
7,16,64.874344,183.9391
7,17,67.71471,196.06114
7,18,64.87758,203.95409
7,19,64.788315,214.12833
7,20,64.75947,224.47643
7,21,64.74601,234.66667
7,22,64.738335,244.88889
7,23,64.733505,255.11111
7,24,64.73027,265.33334
7,25,64.72799,275.55554
7,26,64.72634,285.77777
7,27,64.72509,296.0
7,28,64.72415,306.22223
7,29,64.72342,316.44446
7,30,64.72284,326.66666
7,31,64.72239,336.8889
7,32,64.72202,347.1111
7,33,64.72173,357.33334
7,34,64.72149,367.55557
7,35,64.7213,377.77777
7,36,64.72113,388.0
7,37,64.721,398.22223
7,38,64.7209,408.44446
7,39,64.72081,418.66666
7,40,64.72074,428.8889
7,41,64.72068,439.1111
7,42,64.72064,449.33334
7,43,64.720604,459.55557
7,44,64.720566,469.77777
8,0,71.05113,20.635513
8,1,71.0671,31.286907
8,2,72.102104,41.786163
8,3,70.311226,50.152462
8,4,70.29331,60.907978
8,5,70.82201,71.215775
8,6,70.95495,81.51162
8,7,71.00536,91.55499
8,8,71.03159,101.84351
8,9,71.047424,112.01408
8,10,71.05805,122.24613
8,11,71.065674,132.48665
8,12,71.07139,142.7128
8,13,71.07583,152.95663
8,14,71.079384,163.2098
8,15,71.0823,173.70206
8,16,71.08471,183.75568
8,17,71.086754,194.68646
8,18,71.08852,203.95139
8,19,71.09003,214.11714
8,20,71.09137,224.47989
8,21,71.09254,234.66667
8,22,71.093575,244.88889
8,23,71.094505,255.11111
8,24,71.09534,265.33334
8,25,71.09609,275.55554
8,26,71.09679,285.77777
8,27,71.09741,296.0
8,28,71.097984,306.22223
8,29,71.09851,316.44446
8,30,71.09901,326.66666
8,31,71.09946,336.8889
8,32,71.09988,347.1111
8,33,71.100266,357.33334
8,34,71.10063,367.55557
8,35,71.10097,377.77777
8,36,71.10129,388.0
8,37,71.101585,398.22223
8,38,71.10187,408.44446
8,39,71.102135,418.66666
8,40,71.10239,428.8889
8,41,71.10262,439.1111
8,42,71.10285,449.33334
8,43,71.10306,459.55557
8,44,71.10326,469.77777
9,0,77.3887,20.305122
9,1,77.33432,30.766638
9,2,77.218414,41.148067
9,3,77.17161,50.67134
9,4,77.30543,60.864063
9,5,77.37503,71.16006
9,6,77.409065,81.4016
9,7,77.42918,91.51493
9,8,77.44218,101.8204
9,9,77.45111,112.00165
9,10,77.45768,122.23423
9,11,77.46271,132.47481
9,12,77.46667,142.70068
9,13,77.469864,152.93585
9,14,77.47251,163.17938
9,15,77.474724,173.60606
9,16,77.47661,183.67836
9,17,77.47824,194.15268
9,18,77.47965,203.94835
9,19,77.48089,214.10234
9,20,77.482,224.48419
9,21,77.48298,234.66667
9,22,77.48386,244.88889
9,23,77.48465,255.11111
9,24,77.48537,265.33334
9,25,77.48602,275.55554
9,26,77.48662,285.77777
9,27,77.48717,296.0
9,28,77.48767,306.22223
9,29,77.488144,316.44446
9,30,77.48857,326.66666
9,31,77.488976,336.8889
9,32,77.48935,347.1111
9,33,77.4897,357.33334
9,34,77.49003,367.55557
9,35,77.49034,377.77777
9,36,77.49063,388.0
9,37,77.490906,398.22223
9,38,77.49116,408.44446
9,39,77.4914,418.66666
9,40,77.49163,428.8889
9,41,77.49185,439.1111
9,42,77.49206,449.33334
9,43,77.492256,459.55557
9,44,77.49244,469.77777
10,0,83.78689,20.16852
10,1,83.74997,30.491669
10,2,83.69991,40.788284
10,3,83.68753,50.73072
10,4,83.73422,60.872227
10,5,83.77668,71.13469
10,6,83.80314,81.30531
10,7,83.8206,91.47159
10,8,83.83249,101.80035
10,9,83.84087,111.98932
10,10,83.84714,122.22305
10,11,83.85198,132.4642
10,12,83.855835,142.69038
10,13,83.85896,152.92007
10,14,83.86155,163.15807
10,15,83.86373,173.5446
10,16,83.86559,183.63431
10,17,83.8672,193.8791
10,18,83.8686,203.94493
10,19,83.86982,214.08163
10,20,83.87093,224.48967
10,21,83.8719,234.66667
10,22,83.87277,244.88889
10,23,83.87356,255.11111
10,24,83.874275,265.33334
10,25,83.87492,275.55554
10,26,83.87553,285.77777
10,27,83.87607,296.0
10,28,83.87657,306.22223
10,29,83.87704,316.44446
10,30,83.87747,326.66666
10,31,83.87788,336.8889
10,32,83.87825,347.1111
10,33,83.8786,357.33334
10,34,83.87892,367.55557
10,35,83.879234,377.77777
10,36,83.879524,388.0
10,37,83.87979,398.22223
10,38,83.88005,408.44446
10,39,83.880295,418.66666
10,40,83.88052,428.8889
10,41,83.88074,439.1111
10,42,83.88095,449.33334
10,43,83.88114,459.55557
10,44,83.88133,469.77777
11,0,90.20266,20.105162
11,1,90.17975,30.381138
11,2,90.15661,40.74656
11,3,90.15298,50.728493
11,4,90.1746,60.882862
11,5,90.20122,71.12361
11,6,90.22211,81.19011
11,7,90.23846,91.4226
11,8,90.25112,101.781525
11,9,90.26138,111.97643
11,10,90.27038,122.212036
11,11,90.27882,132.45432
11,12,90.28726,142.6812
11,13,90.296326,152.90715
11,14,90.30666,163.14168
11,15,90.31909,173.50099
11,16,90.33454,183.60431
11,17,90.353294,193.834
11,18,90.37227,203.94098
11,19,90.381454,214.04967
11,20,90.37358,224.49706
11,21,90.356735,234.66667
11,22,90.34062,244.88889
11,23,90.32801,255.11111
11,24,90.31861,265.33334
11,25,90.31158,275.55554
11,26,90.30622,285.77777
11,27,90.30207,296.0
11,28,90.29878,306.22223
11,29,90.29614,316.44446
11,30,90.293976,326.66666
11,31,90.29219,336.8889
11,32,90.290695,347.1111
11,33,90.28941,357.33334
11,34,90.28832,367.55557
11,35,90.287384,377.77777
11,36,90.28657,388.0
11,37,90.28585,398.22223
11,38,90.285225,408.44446
11,39,90.28467,418.66666
11,40,90.28417,428.8889
11,41,90.28373,439.1111
11,42,90.28333,449.33334
11,43,90.282974,459.55557
11,44,90.282646,469.77777
12,0,96.60167,20.071032
12,1,96.58715,30.326328
12,2,96.57513,40.66974
12,3,96.57398,50.71871
12,4,96.58568,60.889706
12,5,96.60255,71.11893
12,6,96.617836,81.01161
12,7,96.63144,91.37169
12,8,96.642685,101.7627
12,9,96.65221,111.96245
12,10,96.66085,122.20084
12,11,96.6692,132.44482
12,12,96.677795,142.6728
12,13,96.687294,152.89613
12,14,96.69855,163.12839
12,15,96.71282,173.46849
12,16,96.73209,183.58185
12,17,96.75886,193.8053
12,18,96.7918,203.93651
12,19,96.8103,213.99577
12,20,96.79207,224.50716
12,21,96.761505,234.66667
12,22,96.73769,244.88889
12,23,96.72139,255.11111
12,24,96.710144,265.33334
12,25,96.70213,275.55554
12,26,96.69623,285.77777
12,27,96.69174,296.0
12,28,96.68824,306.22223
12,29,96.685455,316.44446
12,30,96.6832,326.66666
12,31,96.68133,336.8889
12,32,96.67978,347.1111
12,33,96.67847,357.33334
12,34,96.67735,367.55557
12,35,96.67639,377.77777
12,36,96.67556,388.0
12,37,96.67483,398.22223
12,38,96.67418,408.44446
12,39,96.673615,418.66666
12,40,96.67311,428.8889
12,41,96.67266,439.1111
12,42,96.67226,449.33334
12,43,96.6719,459.55557
12,44,96.67156,469.77777
13,0,102.99952,20.050547
13,1,102.99018,30.294992
13,2,102.9835,40.53979
13,3,102.98338,50.709454
13,4,102.99065,60.893513
13,5,103.00197,71.116905
13,6,103.01319,80.751724
13,7,103.02453,91.33542
13,8,103.03437,101.74241
13,9,103.04311,111.94645
13,10,103.05135,122.188934
13,11,103.059525,132.43541
13,12,103.06818,142.66486
13,13,103.077995,152.88615
13,14,103.090004,163.1169
13,15,103.105995,173.44269
13,16,103.129326,183.56313
13,17,103.16694,193.78378
13,18,103.228745,203.93134
13,19,103.27754,213.76471
13,20,103.226326,224.52213
13,21,103.168396,234.66667
13,22,103.134384,244.88889
13,23,103.11417,255.11111
13,24,103.10122,265.33334
13,25,103.09237,275.55554
13,26,103.086006,285.77777
13,27,103.081245,296.0
13,28,103.07758,306.22223
13,29,103.074684,316.44446
13,30,103.07234,326.66666
13,31,103.07043,336.8889
13,32,103.06883,347.1111
13,33,103.0675,357.33334
13,34,103.06636,367.55557
13,35,103.06537,377.77777
13,36,103.06453,388.0
13,37,103.06379,398.22223
13,38,103.06313,408.44446
13,39,103.06256,418.66666
13,40,103.06205,428.8889
13,41,103.0616,439.1111
13,42,103.061195,449.33334
13,43,103.06082,459.55557
13,44,103.060486,469.77777
14,0,109.40241,19.973143
14,1,109.389915,30.275383
14,2,109.36962,40.51688
14,3,109.33175,50.701912
14,4,109.24047,60.895443
14,5,108.87609,71.116035
14,6,109.07412,80.80045
14,7,109.28936,91.33527
14,8,109.35649,101.621826
14,9,109.39094,111.927216
14,10,109.41247,122.17571
14,11,109.428535,132.42569
14,12,109.442314,142.65704
14,13,109.45579,152.87668
14,14,109.47077,163.10643
14,15,109.48981,173.42123
14,16,109.517876,183.54622
14,17,109.56797,193.76576
14,18,109.68502,203.92531
14,19,109.88557,213.35545
14,20,109.67676,224.54657
14,21,109.57047,234.66667
14,22,109.526306,244.88889
14,23,109.503204,255.11111
14,24,109.48926,265.33334
14,25,109.48005,275.55554
14,26,109.473564,285.77777
14,27,109.468796,296.0
14,28,109.465164,306.22223
14,29,109.462326,316.44446
14,30,109.46005,326.66666
14,31,109.458206,336.8889
14,32,109.45668,347.1111
14,33,109.4554,357.33334
14,34,109.454315,367.55557
14,35,109.45339,377.77777
14,36,109.45259,388.0
14,37,109.4519,398.22223
14,38,109.451294,408.44446
14,39,109.45076,418.66666
14,40,109.45028,428.8889
14,41,109.44986,439.1111
14,42,109.449486,449.33334
14,43,109.44915,459.55557
14,44,109.448845,469.77777
15,0,115.79222,19.968773
15,1,115.7805,30.262331
15,2,115.76209,40.501225
15,3,115.730286,50.695847
15,4,115.668884,60.896362
15,5,115.5694,71.1155
15,6,115.60557,81.02626
15,7,115.70096,91.36593
15,8,115.75201,101.569954
15,9,115.78256,111.90268
15,10,115.80279,122.16025
15,11,115.81832,132.41531
15,12,115.83189,142.64911
15,13,115.84532,152.86731
15,14,115.86044,163.09642
15,15,115.87996,173.4026
15,16,115.90948,183.52974
15,17,115.96545,193.74922
15,18,116.1314,203.91826
15,19,119.31622,212.26903
15,20,116.11443,224.59329
15,21,115.96715,234.66667
15,22,115.91766,244.88889
15,23,115.89317,255.11111
15,24,115.87872,265.33334
15,25,115.86928,275.55554
15,26,115.86267,285.77777
15,27,115.857834,296.0
15,28,115.854164,306.22223
15,29,115.8513,316.44446
15,30,115.84901,326.66666
15,31,115.847145,336.8889
15,32,115.84561,347.1111
15,33,115.84432,357.33334
15,34,115.84323,367.55557
15,35,115.84231,377.77777
15,36,115.8415,388.0
15,37,115.840805,398.22223
15,38,115.840195,408.44446
15,39,115.83966,418.66666
15,40,115.83918,428.8889
15,41,115.83876,439.1111
15,42,115.83839,449.33334
15,43,115.83804,459.55557
15,44,115.83774,469.77777
16,0,122.182686,19.966413
16,1,122.17219,30.253208
16,2,122.156624,40.490013
16,3,122.13256,50.691006
16,4,122.096344,60.89666
16,5,122.06055,71.11518
16,6,122.072464,81.146194
16,7,122.116005,91.40355
16,8,122.1506,101.493515
16,9,122.17575,111.86923
16,10,122.193855,122.141106
16,11,122.20838,132.40385
16,12,122.22139,142.64084
16,13,122.23443,152.85762
16,14,122.249146,163.08644
16,15,122.268005,173.32497
16,16,122.29593,183.51251
16,17,122.34584,193.73279
16,18,122.46212,203.91008
16,19,122.65806,213.2747
16,20,122.453926,224.71532
16,21,122.34821,234.66667
16,22,122.30413,244.88889
16,23,122.28104,255.11111
16,24,122.26709,265.33334
16,25,122.25787,275.55554
16,26,122.25138,285.77777
16,27,122.24661,296.0
16,28,122.24297,306.22223
16,29,122.24013,316.44446
16,30,122.23786,326.66666
16,31,122.23601,336.8889
16,32,122.234474,347.1111
16,33,122.2332,357.33334
16,34,122.23211,367.55557
16,35,122.231186,377.77777
16,36,122.230385,388.0
16,37,122.22969,398.22223
16,38,122.22908,408.44446
16,39,122.22854,418.66666
16,40,122.228065,428.8889
16,41,122.227646,439.1111
16,42,122.22727,449.33334
16,43,122.22694,459.55557
16,44,122.22663,469.77777
17,0,128.5737,19.96526
17,1,128.56467,30.246601
17,2,128.55215,40.481705
17,3,128.53499,50.68714
17,4,128.51395,60.89662
17,5,128.49847,71.11495
17,6,128.5044,81.20866
17,7,128.52711,91.43535
17,8,128.54999,101.364235
17,9,128.57,111.81955
17,10,128.58578,122.11559
17,11,128.5992,132.39073
17,12,128.61163,142.6319
17,13,128.62444,152.84721
17,14,128.63918,163.07607
17,15,128.65843,173.3143
17,16,128.68776,183.4932
17,17,128.7436,193.71518
17,18,128.90936,203.90019
17,19,132.15224,213.71259
17,20,128.89252,226.062
17,21,128.74507,234.66667
17,22,128.69557,244.88889
17,23,128.67107,255.11111
17,24,128.65659,265.33334
17,25,128.64714,275.55554
17,26,128.64052,285.77777
17,27,128.63568,296.0
17,28,128.63199,306.22223
17,29,128.62912,316.44446
17,30,128.62683,326.66666
17,31,128.62495,336.8889
17,32,128.62341,347.1111
17,33,128.62212,357.33334
17,34,128.62103,367.55557
17,35,128.6201,377.77777
17,36,128.6193,388.0
17,37,128.6186,398.22223
17,38,128.618,408.44446
17,39,128.61745,418.66666
17,40,128.61699,428.8889
17,41,128.61656,439.1111
17,42,128.61618,449.33334
17,43,128.61583,459.55557
17,44,128.61552,469.77777
18,0,134.96451,19.964855
18,1,134.95692,30.241682
18,2,134.94714,40.47536
18,3,134.93509,50.684013
18,4,134.92253,60.896397
18,5,134.91496,71.114746
18,6,134.91864,81.2449
18,7,134.93193,91.45956
18,8,134.94705,101.08594
18,9,134.96263,111.736626
18,10,134.97578,122.07773
18,11,134.98741,132.37517
18,12,134.99834,142.62192
18,13,135.00946,152.83559
18,14,135.0219,163.06488
18,15,135.03738,173.30342
18,16,135.05911,183.47008
18,17,135.09512,193.69528
18,18,135.17252,203.88875
18,19,135.49352,214.4029
18,20,135.54445,224.8816
18,21,135.19421,234.66667
18,22,135.10905,244.88889
18,23,135.07324,255.11111
18,24,135.05379,265.33334
18,25,135.0417,275.55554
18,26,135.03355,285.77777
18,27,135.02773,296.0
18,28,135.02336,306.22223
18,29,135.02,316.44446
18,30,135.01736,326.66666
18,31,135.01521,336.8889
18,32,135.01349,347.1111
18,33,135.01202,357.33334
18,34,135.0108,367.55557
18,35,135.00977,377.77777
18,36,135.00887,388.0
18,37,135.0081,398.22223
18,38,135.00743,408.44446
18,39,135.00684,418.66666
18,40,135.0063,428.8889
18,41,135.00584,439.1111
18,42,135.00543,449.33334
18,43,135.00507,459.55557
18,44,135.00473,469.77777
19,0,141.35988,19.96493
19,1,141.35416,30.237926
19,2,141.34724,40.470406
19,3,141.33954,50.68145
19,4,141.33264,60.896076
19,5,141.32976,71.11456
19,6,141.33371,81.267876
19,7,141.34392,91.47765
19,8,141.35544,99.71861
19,9,141.37106,111.57254
19,10,141.38544,122.01041
19,11,141.39995,132.35583
19,12,141.41518,142.61038
19,13,141.43141,152.82196
19,14,141.44739,163.05228
19,15,141.45886,173.29184
19,16,141.46072,183.4401
19,17,141.4536,193.6714
19,18,141.44301,203.87518
19,19,141.43295,214.20436
19,20,141.42477,224.63179
19,21,141.41856,234.66667
19,22,141.41364,244.88889
19,23,141.4098,255.11111
19,24,141.40678,265.33334
19,25,141.40436,275.55554
19,26,141.40239,285.77777
19,27,141.40076,296.0
19,28,141.39943,306.22223
19,29,141.39828,316.44446
19,30,141.39734,326.66666
19,31,141.39653,336.8889
19,32,141.39581,347.1111
19,33,141.3952,357.33334
19,34,141.39467,367.55557
19,35,141.39421,377.77777
19,36,141.3938,388.0
19,37,141.39342,398.22223
19,38,141.3931,408.44446
19,39,141.3928,418.66666
19,40,141.39253,428.8889
19,41,141.3923,439.1111
19,42,141.39209,449.33334
19,43,141.39189,459.55557
19,44,141.39172,469.77777
20,0,147.76804,19.965296
20,1,147.76509,30.235003
20,2,147.76085,40.46646
20,3,147.7545,50.67934
20,4,147.7443,60.895714
20,5,147.72606,71.11438
20,6,147.68704,81.28324
20,7,147.564,91.49094
20,8,147.33014,96.88264
20,9,147.6082,111.215454
20,10,147.71881,121.84655
20,11,147.76433,132.33098
20,12,147.79489,142.59668
20,13,147.82228,152.80547
20,14,147.84921,163.0377
20,15,147.86998,173.27933
20,16,147.8727,183.39786
20,17,147.85924,193.64127
20,18,147.84253,203.85907
20,19,147.8288,214.13448
20,20,147.8186,224.56367
20,21,147.81126,234.66667
20,22,147.80574,244.88889
20,23,147.80156,255.11111
20,24,147.7983,265.33334
20,25,147.79573,275.55554
20,26,147.79364,285.77777
20,27,147.79195,296.0
20,28,147.79054,306.22223
20,29,147.78935,316.44446
20,30,147.78833,326.66666
20,31,147.78748,336.8889
20,32,147.78671,347.1111
20,33,147.78606,357.33334
20,34,147.78549,367.55557
20,35,147.78499,377.77777
20,36,147.78453,388.0
20,37,147.78412,398.22223
20,38,147.78375,408.44446
20,39,147.78342,418.66666
20,40,147.78314,428.8889
20,41,147.78285,439.1111
20,42,147.78262,449.33334
20,43,147.7824,459.55557
20,44,147.78218,469.77777
21,0,154.14995,19.965855
21,1,154.1464,30.232704
21,2,154.14153,40.4633
21,3,154.13457,50.677597
21,4,154.12404,60.895336
21,5,154.10667,71.11421
21,6,154.07407,81.29416
21,7,153.99596,91.50147
21,8,153.65901,100.4814
21,9,153.69858,111.1767
21,10,154.00937,121.44772
21,11,154.10793,132.29747
21,12,154.15825,142.57965
21,13,154.20004,152.78448
21,14,154.24423,163.02022
21,15,154.2845,173.2655
21,16,154.28783,183.33165
21,17,154.25954,193.60257
21,18,154.23291,203.84117
21,19,154.21487,214.1024
21,20,154.20299,224.53188
21,21,154.19505,234.66667
21,22,154.1894,244.88889
21,23,154.1853,255.11111
21,24,154.18222,265.33334
21,25,154.17986,275.55554
21,26,154.17798,285.77777
21,27,154.17648,296.0
21,28,154.17528,306.22223
21,29,154.17427,316.44446
21,30,154.17345,326.66666
21,31,154.17274,336.8889
21,32,154.17213,347.1111
21,33,154.17163,357.33334
21,34,154.17119,367.55557
21,35,154.17079,377.77777
21,36,154.17046,388.0
21,37,154.17015,398.22223
21,38,154.16989,408.44446
21,39,154.16965,418.66666
21,40,154.16943,428.8889
21,41,154.16925,439.1111
21,42,154.16908,449.33334
21,43,154.16893,459.55557
21,44,154.16878,469.77777
22,0,160.54785,19.966526
22,1,160.5461,30.230854
22,2,160.54376,40.46069
22,3,160.54053,50.676125
22,4,160.5359,60.894962
22,5,160.52892,71.11405
22,6,160.51753,81.302216
22,7,160.49687,91.509766
22,8,160.45143,101.23937
22,9,160.29646,111.55451
22,10,158.17026,121.85039
22,11,160.37111,132.25046
22,12,160.50989,142.55751
22,13,160.58136,152.75632
22,14,160.65475,162.99864
22,15,160.74461,173.25005
22,16,160.74423,183.21136
22,17,160.6746,193.55455
22,18,160.63165,203.82341
22,19,160.60825,214.08432
22,20,160.59436,224.51347
22,21,160.58559,234.66667
22,22,160.57959,244.88889
22,23,160.57529,255.11111
22,24,160.57213,265.33334
22,25,160.5697,275.55554
22,26,160.56781,285.77777
22,27,160.5663,296.0
22,28,160.56506,306.22223
22,29,160.56407,316.44446
22,30,160.56322,326.66666
22,31,160.5625,336.8889
22,32,160.56189,347.1111
22,33,160.56136,357.33334
22,34,160.56091,367.55557
22,35,160.56052,377.77777
22,36,160.56015,388.0
22,37,160.55984,398.22223
22,38,160.55957,408.44446
22,39,160.55933,418.66666
22,40,160.5591,428.8889
22,41,160.5589,439.1111
22,42,160.55872,449.33334
22,43,160.55855,459.55557
22,44,160.5584,469.77777
23,0,166.93814,19.967264
23,1,166.93626,30.229359
23,2,166.93365,40.458534
23,3,166.92993,50.674885
23,4,166.92433,60.8946
23,5,166.91536,71.11389
23,6,166.89948,81.30821
23,7,166.8663,91.5162
23,8,166.76912,101.41769
23,9,166.13289,111.71249
23,10,166.74083,121.85368
23,11,166.88844,132.18399
23,12,166.95161,142.52708
23,13,167.00769,152.71593
23,14,167.09715,162.97153
23,15,167.33284,173.23282
23,16,167.2938,182.95384
23,17,167.10098,193.50618
23,18,167.03618,203.80977
23,19,167.00665,214.07404
23,20,166.99022,224.50146
23,21,166.98009,234.66667
23,22,166.9732,244.88889
23,23,166.96832,255.11111
23,24,166.9647,265.33334
23,25,166.96191,275.55554
23,26,166.95973,285.77777
23,27,166.958,296.0
23,28,166.95656,306.22223
23,29,166.95535,316.44446
23,30,166.95436,326.66666
23,31,166.95352,336.8889
23,32,166.95279,347.1111
23,33,166.95215,357.33334
23,34,166.9516,367.55557
23,35,166.95111,377.77777
23,36,166.95068,388.0
23,37,166.9503,398.22223
23,38,166.94995,408.44446
23,39,166.94965,418.66666
23,40,166.94936,428.8889
23,41,166.94911,439.1111
23,42,166.94888,449.33334
23,43,166.94868,459.55557
23,44,166.94849,469.77777
24,0,173.32422,19.968035
24,1,173.32216,30.228132
24,2,173.31932,40.45674
24,3,173.31523,50.67383
24,4,173.30902,60.89426
24,5,173.2989,71.113754
24,6,173.28055,81.31284
24,7,173.2412,91.52138
24,8,173.12315,101.510704
24,9,172.47052,111.79916
24,10,173.09708,121.41008
24,11,173.31581,132.10294
24,12,173.4025,142.48145
24,13,173.41609,152.65282
24,14,173.3949,162.93835
24,15,173.3757,173.21625
24,16,173.3642,182.70563
24,17,173.35556,193.4856
24,18,173.3502,203.80511
24,19,173.34656,214.06996
24,20,173.34395,224.49301
24,21,173.34206,234.66667
24,22,173.34064,244.88889
24,23,173.33952,255.11111
24,24,173.33865,265.33334
24,25,173.33795,275.55554
24,26,173.33737,285.77777
24,27,173.33691,296.0
24,28,173.33652,306.22223
24,29,173.33617,316.44446
24,30,173.33589,326.66666
24,31,173.33565,336.8889
24,32,173.33545,347.1111
24,33,173.33525,357.33334
24,34,173.3351,367.55557
24,35,173.33496,377.77777
24,36,173.33482,388.0
24,37,173.33473,398.22223
24,38,173.33463,408.44446
24,39,173.33453,418.66666
24,40,173.33446,428.8889
24,41,173.33438,439.1111
24,42,173.33432,449.33334
24,43,173.33424,459.55557
24,44,173.33421,469.77777
25,0,179.71573,19.968822
25,1,179.71432,30.227114
25,2,179.71243,40.455215
25,3,179.70976,50.67292
25,4,179.70581,60.893944
25,5,179.69958,71.11362
25,6,179.68896,81.31649
25,7,179.66835,91.52565
25,8,179.6184,101.568375
25,9,179.41553,111.852356
25,10,178.18349,120.077995
25,11,179.65286,132.06487
25,12,179.84961,142.40651
25,13,179.85176,152.54451
25,14,179.79626,162.8994
25,15,179.76648,173.19987
25,16,179.75192,183.01376
25,17,179.74281,193.50946
25,18,179.73738,203.81134
25,19,179.73387,214.07129
25,20,179.7314,224.48676
25,21,179.72968,234.66667
25,22,179.72841,244.88889
25,23,179.72743,255.11111
25,24,179.72667,265.33334
25,25,179.72604,275.55554
25,26,179.72556,285.77777
25,27,179.72516,296.0
25,28,179.72482,306.22223
25,29,179.72453,316.44446
25,30,179.7243,326.66666
25,31,179.7241,336.8889
25,32,179.72392,347.1111
25,33,179.72377,357.33334
25,34,179.72363,367.55557
25,35,179.72353,377.77777
25,36,179.72343,388.0
25,37,179.72334,398.22223
25,38,179.72325,408.44446
25,39,179.72318,418.66666
25,40,179.72311,428.8889
25,41,179.72305,439.1111
25,42,179.72299,449.33334
25,43,179.72295,459.55557
25,44,179.7229,469.77777
26,0,186.10478,19.96961
26,1,186.10344,30.226269
26,2,186.10164,40.453922
26,3,186.09909,50.67214
26,4,186.09535,60.893642
26,5,186.08955,71.11348
26,6,186.07982,81.31938
26,7,186.06155,91.529175
26,8,186.0209,101.60633
26,9,185.90697,111.88342
26,10,185.81741,121.50832
26,11,186.12376,132.11562
26,12,186.53471,142.26097
26,13,186.35266,152.36147
26,14,186.20706,162.86484
26,15,186.16243,173.18793
26,16,186.14374,183.22993
26,17,186.13332,193.5556
26,18,186.12723,203.82588
26,19,186.12337,214.07689
26,20,186.12071,224.48192
26,21,186.11888,234.66667
26,22,186.11751,244.88889
26,23,186.11649,255.11111
26,24,186.11568,265.33334
26,25,186.11505,275.55554
26,26,186.11453,285.77777
26,27,186.11412,296.0
26,28,186.11378,306.22223
26,29,186.1135,316.44446
26,30,186.11325,326.66666
26,31,186.11304,336.8889
26,32,186.11285,347.1111
26,33,186.1127,357.33334
26,34,186.11256,367.55557
26,35,186.11244,377.77777
26,36,186.11234,388.0
26,37,186.11226,398.22223
26,38,186.11217,408.44446
26,39,186.11209,418.66666
26,40,186.11201,428.8889
26,41,186.11197,439.1111
26,42,186.11191,449.33334
26,43,186.11186,459.55557
26,44,186.11183,469.77777
27,0,192.5033,19.970388
27,1,192.50354,30.225557
27,2,192.5038,40.452816
27,3,192.50409,50.671463
27,4,192.50444,60.893368
27,5,192.50479,71.11335
27,6,192.50511,81.32174
27,7,192.5052,91.53213
27,8,192.50438,101.702095
27,9,192.49936,111.90506
27,10,192.46289,121.8579
27,11,190.46773,132.16933
27,12,192.62009,142.00897
27,13,192.55196,152.27103
27,14,192.52742,162.854
27,15,192.51814,173.1838
27,16,192.51343,183.3331
27,17,192.51056,193.59872
27,18,192.50867,203.84383
27,19,192.50734,214.08519
27,20,192.50635,224.47807
27,21,192.50558,234.66667
27,22,192.50499,244.88889
27,23,192.50452,255.11111
27,24,192.5041,265.33334
27,25,192.50378,275.55554
27,26,192.5035,285.77777
27,27,192.50325,296.0
27,28,192.50304,306.22223
27,29,192.50285,316.44446
27,30,192.50267,326.66666
27,31,192.50253,336.8889
27,32,192.5024,347.1111
27,33,192.50227,357.33334
27,34,192.50217,367.55557
27,35,192.50208,377.77777
27,36,192.50198,388.0
27,37,192.5019,398.22223
27,38,192.50183,408.44446
27,39,192.50175,418.66666
27,40,192.5017,428.8889
27,41,192.50163,439.1111
27,42,192.50157,449.33334
27,43,192.50153,459.55557
27,44,192.50146,469.77777
28,0,198.88889,19.971146
28,1,198.88889,30.224958
28,2,198.88889,40.45185
28,3,198.88889,50.67087
28,4,198.88889,60.89311
28,5,198.88889,71.11324
28,6,198.88889,81.323654
28,7,198.88889,91.5346
28,8,198.88889,101.714355
28,9,198.88889,111.920265
28,10,198.88889,121.97937
28,11,198.88889,132.25288
28,12,198.88889,141.95738
28,13,198.88889,152.44337
28,14,198.88889,162.87422
28,15,198.88889,173.18846
28,16,198.88889,183.39009
28,17,198.88889,193.63219
28,18,198.88889,203.86151
28,19,198.88889,214.0947
28,20,198.88889,224.47495
28,21,198.88889,234.66667
28,22,198.88889,244.88889
28,23,198.88889,255.11111
28,24,198.88889,265.33334
28,25,198.88889,275.55554
28,26,198.88889,285.77777
28,27,198.88889,296.0
28,28,198.88889,306.22223
28,29,198.88889,316.44446
28,30,198.88889,326.66666
28,31,198.88889,336.8889
28,32,198.88889,347.1111
28,33,198.88889,357.33334
28,34,198.88889,367.55557
28,35,198.88889,377.77777
28,36,198.88889,388.0
28,37,198.88889,398.22223
28,38,198.88889,408.44446
28,39,198.88889,418.66666
28,40,198.88889,428.8889
28,41,198.88889,439.1111
28,42,198.88889,449.33334
28,43,198.88889,459.55557
28,44,198.88889,469.77777
29,0,205.27777,19.971882
29,1,205.27777,30.224447
29,2,205.27777,40.45102
29,3,205.27777,50.67036
29,4,205.27777,60.89287
29,5,205.27777,71.11314
29,6,205.27777,81.32523
29,7,205.27777,91.53671
29,8,205.27777,101.7237
29,9,205.27777,111.9318
29,10,205.27777,122.04179
29,11,205.27777,132.29445
29,12,205.27777,142.2226
29,13,205.27777,152.59123
29,14,205.27777,162.91014
29,15,205.27777,173.19972
29,16,205.27777,183.42555
29,17,205.27777,193.65715
29,18,205.27777,203.87729
29,19,205.27777,214.10434
29,20,205.27777,224.47235
29,21,205.27777,234.66667
29,22,205.27777,244.88889
29,23,205.27777,255.11111
29,24,205.27777,265.33334
29,25,205.27777,275.55554
29,26,205.27777,285.77777
29,27,205.27777,296.0
29,28,205.27777,306.22223
29,29,205.27777,316.44446
29,30,205.27777,326.66666
29,31,205.27777,336.8889
29,32,205.27777,347.1111
29,33,205.27777,357.33334
29,34,205.27777,367.55557
29,35,205.27777,377.77777
29,36,205.27777,388.0
29,37,205.27777,398.22223
29,38,205.27777,408.44446
29,39,205.27777,418.66666
29,40,205.27777,428.8889
29,41,205.27777,439.1111
29,42,205.27777,449.33334
29,43,205.27777,459.55557
29,44,205.27777,469.77777
30,0,211.66667,19.972597
30,1,211.66667,30.224007
30,2,211.66667,40.450294
30,3,211.66667,50.669907
30,4,211.66667,60.89265
30,5,211.66667,71.11304
30,6,211.66667,81.32655
30,7,211.66667,91.538536
30,8,211.66667,101.73103
30,9,211.66667,111.94081
30,10,211.66667,122.079865
30,11,211.66667,132.32341
30,12,211.66667,142.37949
30,13,211.66667,152.67503
30,14,211.66667,162.94516
30,15,211.66667,173.2139
30,16,211.66667,183.44952
30,17,211.66667,193.6759
30,18,211.66667,203.89076
30,19,211.66667,214.11346
30,20,211.66667,224.47015
30,21,211.66667,234.66667
30,22,211.66667,244.88889
30,23,211.66667,255.11111
30,24,211.66667,265.33334
30,25,211.66667,275.55554
30,26,211.66667,285.77777
30,27,211.66667,296.0
30,28,211.66667,306.22223
30,29,211.66667,316.44446
30,30,211.66667,326.66666
30,31,211.66667,336.8889
30,32,211.66667,347.1111
30,33,211.66667,357.33334
30,34,211.66667,367.55557
30,35,211.66667,377.77777
30,36,211.66667,388.0
30,37,211.66667,398.22223
30,38,211.66667,408.44446
30,39,211.66667,418.66666
30,40,211.66667,428.8889
30,41,211.66667,439.1111
30,42,211.66667,449.33334
30,43,211.66667,459.55557
30,44,211.66667,469.77777
31,0,218.05556,19.973288
31,1,218.05556,30.22363
31,2,218.05556,40.449657
31,3,218.05556,50.66951
31,4,218.05556,60.892445
31,5,218.05556,71.11294
31,6,218.05556,81.32766
31,7,218.05556,91.540115
31,8,218.05556,101.73691
31,9,218.05556,111.94802
31,10,218.05556,122.10548
31,11,218.05556,132.34428
31,12,218.05556,142.46143
31,13,218.05556,152.72516
31,14,218.05556,162.97371
31,15,218.05556,173.22821
31,16,218.05556,183.4667
31,17,218.05556,193.69028
31,18,218.05556,203.90208
31,19,218.05556,214.12184
31,20,218.05556,224.46829
31,21,218.05556,234.66667
31,22,218.05556,244.88889
31,23,218.05556,255.11111
31,24,218.05556,265.33334
31,25,218.05556,275.55554
31,26,218.05556,285.77777
31,27,218.05556,296.0
31,28,218.05556,306.22223
31,29,218.05556,316.44446
31,30,218.05556,326.66666
31,31,218.05556,336.8889
31,32,218.05556,347.1111
31,33,218.05556,357.33334
31,34,218.05556,367.55557
31,35,218.05556,377.77777
31,36,218.05556,388.0
31,37,218.05556,398.22223
31,38,218.05556,408.44446
31,39,218.05556,418.66666
31,40,218.05556,428.8889
31,41,218.05556,439.1111
31,42,218.05556,449.33334
31,43,218.05556,459.55557
31,44,218.05556,469.77777
32,0,224.44444,19.973955
32,1,224.44444,30.223305
32,2,224.44444,40.449097
32,3,224.44444,50.669163
32,4,224.44444,60.892254
32,5,224.44444,71.11285
32,6,224.44444,81.3286
32,7,224.44444,91.54148
32,8,224.44444,101.74171
32,9,224.44444,111.953896
32,10,224.44444,122.123856
32,11,224.44444,132.35988
32,12,224.44444,142.50963
32,13,224.44444,152.75774
32,14,224.44444,162.99586
32,15,224.44444,173.24121
32,16,224.44444,183.47957
32,17,224.44444,193.70149
32,18,224.44444,203.91159
32,19,224.44444,214.12932
32,20,224.44444,224.46667
32,21,224.44444,234.66667
32,22,224.44444,244.88889
32,23,224.44444,255.11111
32,24,224.44444,265.33334
32,25,224.44444,275.55554
32,26,224.44444,285.77777
32,27,224.44444,296.0
32,28,224.44444,306.22223
32,29,224.44444,316.44446
32,30,224.44444,326.66666
32,31,224.44444,336.8889
32,32,224.44444,347.1111
32,33,224.44444,357.33334
32,34,224.44444,367.55557
32,35,224.44444,377.77777
32,36,224.44444,388.0
32,37,224.44444,398.22223
32,38,224.44444,408.44446
32,39,224.44444,418.66666
32,40,224.44444,428.8889
32,41,224.44444,439.1111
32,42,224.44444,449.33334
32,43,224.44444,459.55557
32,44,224.44444,469.77777
33,0,230.83333,19.9746
33,1,230.83333,30.223026
33,2,230.83333,40.44861
33,3,230.83333,50.668846
33,4,230.83333,60.892075
33,5,230.83333,71.11277
33,6,230.83333,81.3294
33,7,230.83333,91.54267
33,8,230.83333,101.74568
33,9,230.83333,111.95877
33,10,230.83333,122.137665
33,11,230.83333,132.37183
33,12,230.83333,142.54088
33,13,230.83333,152.78036
33,14,230.83333,163.01297
33,15,230.83333,173.25246
33,16,230.83333,183.4895
33,17,230.83333,193.71043
33,18,230.83333,203.9196
33,19,230.83333,214.13602
33,20,230.83333,224.46526
33,21,230.83333,234.66667
33,22,230.83333,244.88889
33,23,230.83333,255.11111
33,24,230.83333,265.33334
33,25,230.83333,275.55554
33,26,230.83333,285.77777
33,27,230.83333,296.0
33,28,230.83333,306.22223
33,29,230.83333,316.44446
33,30,230.83333,326.66666
33,31,230.83333,336.8889
33,32,230.83333,347.1111
33,33,230.83333,357.33334
33,34,230.83333,367.55557
33,35,230.83333,377.77777
33,36,230.83333,388.0
33,37,230.83333,398.22223
33,38,230.83333,408.44446
33,39,230.83333,418.66666
33,40,230.83333,428.8889
33,41,230.83333,439.1111
33,42,230.83333,449.33334
33,43,230.83333,459.55557
33,44,230.83333,469.77777
34,0,237.22221,19.975216
34,1,237.22221,30.222782
34,2,237.22221,40.44816
34,3,237.22221,50.668568
34,4,237.22221,60.891914
34,5,237.22221,71.112686
34,6,237.22221,81.330086
34,7,237.22221,91.54373
34,8,237.22221,101.74902
34,9,237.22221,111.96286
34,10,237.22221,122.14839
34,11,237.22221,132.38124
34,12,237.22221,142.56262
34,13,237.22221,152.79688
34,14,237.22221,163.02634
34,15,237.22221,173.262
34,16,237.22221,183.49739
34,17,237.22221,193.71771
34,18,237.22221,203.9264
34,19,237.22221,214.14192
34,20,237.22221,224.46402
34,21,237.22221,234.66667
34,22,237.22221,244.88889
34,23,237.22221,255.11111
34,24,237.22221,265.33334
34,25,237.22221,275.55554
34,26,237.22221,285.77777
34,27,237.22221,296.0
34,28,237.22221,306.22223
34,29,237.22221,316.44446
34,30,237.22221,326.66666
34,31,237.22221,336.8889
34,32,237.22221,347.1111
34,33,237.22221,357.33334
34,34,237.22221,367.55557
34,35,237.22221,377.77777
34,36,237.22221,388.0
34,37,237.22221,398.22223
34,38,237.22221,408.44446
34,39,237.22221,418.66666
34,40,237.22221,428.8889
34,41,237.22221,439.1111
34,42,237.22221,449.33334
34,43,237.22221,459.55557
34,44,237.22221,469.77777
35,0,243.61111,19.975807
35,1,243.61111,30.22257
35,2,243.61111,40.447773
35,3,243.61111,50.668316
35,4,243.61111,60.891758
35,5,243.61111,71.11262
35,6,243.61111,81.33067
35,7,243.61111,91.54467
35,8,243.61111,101.751854
35,9,243.61111,111.96635
35,10,243.61111,122.15696
35,11,243.61111,132.38882
35,12,243.61111,142.57852
35,13,243.61111,152.80942
35,14,243.61111,163.03694
35,15,243.61111,173.27005
35,16,243.61111,183.50378
35,17,243.61111,193.72372
35,18,243.61111,203.93222
35,19,243.61111,214.14717
35,20,243.61111,224.46292
35,21,243.61111,234.66667
35,22,243.61111,244.88889
35,23,243.61111,255.11111
35,24,243.61111,265.33334
35,25,243.61111,275.55554
35,26,243.61111,285.77777
35,27,243.61111,296.0
35,28,243.61111,306.22223
35,29,243.61111,316.44446
35,30,243.61111,326.66666
35,31,243.61111,336.8889
35,32,243.61111,347.1111
35,33,243.61111,357.33334
35,34,243.61111,367.55557
35,35,243.61111,377.77777
35,36,243.61111,388.0
35,37,243.61111,398.22223
35,38,243.61111,408.44446
35,39,243.61111,418.66666
35,40,243.61111,428.8889
35,41,243.61111,439.1111
35,42,243.61111,449.33334
35,43,243.61111,459.55557
35,44,243.61111,469.77777
36,0,250.0,19.976374
36,1,250.0,30.222383
36,2,250.0,40.44742
36,3,250.0,50.668102
36,4,250.0,60.89162
36,5,250.0,71.11255
36,6,250.0,81.331184
36,7,250.0,91.54551
36,8,250.0,101.75428
36,9,250.0,111.96933
36,10,250.0,122.16393
36,11,250.0,132.395
36,12,250.0,142.59062
36,13,250.0,152.81921
36,14,250.0,163.04552
36,15,250.0,173.27684
36,16,250.0,183.50905
36,17,250.0,193.72874
36,18,250.0,203.93723
36,19,250.0,214.15182
36,20,250.0,224.46193
36,21,250.0,234.66667
36,22,250.0,244.88889
36,23,250.0,255.11111
36,24,250.0,265.33334
36,25,250.0,275.55554
36,26,250.0,285.77777
36,27,250.0,296.0
36,28,250.0,306.22223
36,29,250.0,316.44446
36,30,250.0,326.66666
36,31,250.0,336.8889
36,32,250.0,347.1111
36,33,250.0,357.33334
36,34,250.0,367.55557
36,35,250.0,377.77777
36,36,250.0,388.0
36,37,250.0,398.22223
36,38,250.0,408.44446
36,39,250.0,418.66666
36,40,250.0,428.8889
36,41,250.0,439.1111
36,42,250.0,449.33334
36,43,250.0,459.55557
36,44,250.0,469.77777
37,0,256.3889,19.976923
37,1,256.3889,30.22222
37,2,256.3889,40.44711
37,3,256.3889,50.667896
37,4,256.3889,60.89149
37,5,256.3889,71.112495
37,6,256.3889,81.33162
37,7,256.3889,91.54625
37,8,256.3889,101.756386
37,9,256.3889,111.97192
37,10,256.3889,122.16972
37,11,256.3889,132.40018
37,12,256.3889,142.60011
37,13,256.3889,152.82707
37,14,256.3889,163.05254
37,15,256.3889,173.28256
37,16,256.3889,183.51346
37,17,256.3889,193.733
37,18,256.3889,203.94159
37,19,256.3889,214.15599
37,20,256.3889,224.46104
37,21,256.3889,234.66667
37,22,256.3889,244.88889
37,23,256.3889,255.11111
37,24,256.3889,265.33334
37,25,256.3889,275.55554
37,26,256.3889,285.77777
37,27,256.3889,296.0
37,28,256.3889,306.22223
37,29,256.3889,316.44446
37,30,256.3889,326.66666
37,31,256.3889,336.8889
37,32,256.3889,347.1111
37,33,256.3889,357.33334
37,34,256.3889,367.55557
37,35,256.3889,377.77777
37,36,256.3889,388.0
37,37,256.3889,398.22223
37,38,256.3889,408.44446
37,39,256.3889,418.66666
37,40,256.3889,428.8889
37,41,256.3889,439.1111
37,42,256.3889,449.33334
37,43,256.3889,459.55557
37,44,256.3889,469.77777
38,0,262.77777,19.977444
38,1,262.77777,30.222073
38,2,262.77777,40.44683
38,3,262.77777,50.667717
38,4,262.77777,60.89137
38,5,262.77777,71.11242
38,6,262.77777,81.332016
38,7,262.77777,91.54691
38,8,262.77777,101.7582
38,9,262.77777,111.974174
38,10,262.77777,122.17461
38,11,262.77777,132.40451
38,12,262.77777,142.60774
38,13,262.77777,152.8335
38,14,262.77777,163.05836
38,15,262.77777,173.28748
38,16,262.77777,183.5172
38,17,262.77777,193.73665
38,18,262.77777,203.9454
38,19,262.77777,214.15973
38,20,262.77777,224.46025
38,21,262.77777,234.66667
38,22,262.77777,244.88889
38,23,262.77777,255.11111
38,24,262.77777,265.33334
38,25,262.77777,275.55554
38,26,262.77777,285.77777
38,27,262.77777,296.0
38,28,262.77777,306.22223
38,29,262.77777,316.44446
38,30,262.77777,326.66666
38,31,262.77777,336.8889
38,32,262.77777,347.1111
38,33,262.77777,357.33334
38,34,262.77777,367.55557
38,35,262.77777,377.77777
38,36,262.77777,388.0
38,37,262.77777,398.22223
38,38,262.77777,408.44446
38,39,262.77777,418.66666
38,40,262.77777,428.8889
38,41,262.77777,439.1111
38,42,262.77777,449.33334
38,43,262.77777,459.55557
38,44,262.77777,469.77777
39,0,269.1667,19.977947
39,1,269.1667,30.22195
39,2,269.1667,40.446568
39,3,269.1667,50.667557
39,4,269.1667,60.89125
39,5,269.1667,71.11238
39,6,269.1667,81.33236
39,7,269.1667,91.547516
39,8,269.1667,101.7598
39,9,269.1667,111.97616
39,10,269.1667,122.17876
39,11,269.1667,132.4082
39,12,269.1667,142.61395
39,13,269.1667,152.83882
39,14,269.1667,163.06328
39,15,269.1667,173.29166
39,16,269.1667,183.5204
39,17,269.1667,193.73979
39,18,269.1667,203.94876
39,19,269.1667,214.16307
39,20,269.1667,224.45952
39,21,269.1667,234.66667
39,22,269.1667,244.88889
39,23,269.1667,255.11111
39,24,269.1667,265.33334
39,25,269.1667,275.55554
39,26,269.1667,285.77777
39,27,269.1667,296.0
39,28,269.1667,306.22223
39,29,269.1667,316.44446
39,30,269.1667,326.66666
39,31,269.1667,336.8889
39,32,269.1667,347.1111
39,33,269.1667,357.33334
39,34,269.1667,367.55557
39,35,269.1667,377.77777
39,36,269.1667,388.0
39,37,269.1667,398.22223
39,38,269.1667,408.44446
39,39,269.1667,418.66666
39,40,269.1667,428.8889
39,41,269.1667,439.1111
39,42,269.1667,449.33334
39,43,269.1667,459.55557
39,44,269.1667,469.77777
40,0,275.55554,19.978432
40,1,275.55554,30.221836
40,2,275.55554,40.446342
40,3,275.55554,50.667408
40,4,275.55554,60.891148
40,5,275.55554,71.11232
40,6,275.55554,81.33265
40,7,275.55554,91.548065
40,8,275.55554,101.761215
40,9,275.55554,111.97792
40,10,275.55554,122.182335
40,11,275.55554,132.41138
40,12,275.55554,142.61916
40,13,275.55554,152.84332
40,14,275.55554,163.06744
40,15,275.55554,173.29527
40,16,275.55554,183.52318
40,17,275.55554,193.74252
40,18,275.55554,203.95175
40,19,275.55554,214.16608
40,20,275.55554,224.45885
40,21,275.55554,234.66667
40,22,275.55554,244.88889
40,23,275.55554,255.11111
40,24,275.55554,265.33334
40,25,275.55554,275.55554
40,26,275.55554,285.77777
40,27,275.55554,296.0
40,28,275.55554,306.22223
40,29,275.55554,316.44446
40,30,275.55554,326.66666
40,31,275.55554,336.8889
40,32,275.55554,347.1111
40,33,275.55554,357.33334
40,34,275.55554,367.55557
40,35,275.55554,377.77777
40,36,275.55554,388.0
40,37,275.55554,398.22223
40,38,275.55554,408.44446
40,39,275.55554,418.66666
40,40,275.55554,428.8889
40,41,275.55554,439.1111
40,42,275.55554,449.33334
40,43,275.55554,459.55557
40,44,275.55554,469.77777
41,0,281.94443,19.978895
41,1,281.94443,30.221739
41,2,281.94443,40.446136
41,3,281.94443,50.667274
41,4,281.94443,60.891045
41,5,281.94443,71.112274
41,6,281.94443,81.33291
41,7,281.94443,91.54856
41,8,281.94443,101.762474
41,9,281.94443,111.979485
41,10,281.94443,122.18544
41,11,281.94443,132.41414
41,12,281.94443,142.62354
41,13,281.94443,152.84717
41,14,281.94443,163.07106
41,15,281.94443,173.29842
41,16,281.94443,183.52559
41,17,281.94443,193.74493
41,18,281.94443,203.95442
41,19,281.94443,214.16882
41,20,281.94443,224.45825
41,21,281.94443,234.66667
41,22,281.94443,244.88889
41,23,281.94443,255.11111
41,24,281.94443,265.33334
41,25,281.94443,275.55554
41,26,281.94443,285.77777
41,27,281.94443,296.0
41,28,281.94443,306.22223
41,29,281.94443,316.44446
41,30,281.94443,326.66666
41,31,281.94443,336.8889
41,32,281.94443,347.1111
41,33,281.94443,357.33334
41,34,281.94443,367.55557
41,35,281.94443,377.77777
41,36,281.94443,388.0
41,37,281.94443,398.22223
41,38,281.94443,408.44446
41,39,281.94443,418.66666
41,40,281.94443,428.8889
41,41,281.94443,439.1111
41,42,281.94443,449.33334
41,43,281.94443,459.55557
41,44,281.94443,469.77777
42,0,288.33334,19.979347
42,1,288.33334,30.221655
42,2,288.33334,40.445942
42,3,288.33334,50.667152
42,4,288.33334,60.890953
42,5,288.33334,71.11222
42,6,288.33334,81.33314
42,7,288.33334,91.54901
42,8,288.33334,101.763596
42,9,288.33334,111.98087
42,10,288.33334,122.188156
42,11,288.33334,132.41653
42,12,288.33334,142.62727
42,13,288.33334,152.85046
42,14,288.33334,163.07416
42,15,288.33334,173.30118
42,16,288.33334,183.5277
42,17,288.33334,193.74707
42,18,288.33334,203.95682
42,19,288.33334,214.17131
42,20,288.33334,224.45769
42,21,288.33334,234.66667
42,22,288.33334,244.88889
42,23,288.33334,255.11111
42,24,288.33334,265.33334
42,25,288.33334,275.55554
42,26,288.33334,285.77777
42,27,288.33334,296.0
42,28,288.33334,306.22223
42,29,288.33334,316.44446
42,30,288.33334,326.66666
42,31,288.33334,336.8889
42,32,288.33334,347.1111
42,33,288.33334,357.33334
42,34,288.33334,367.55557
42,35,288.33334,377.77777
42,36,288.33334,388.0
42,37,288.33334,398.22223
42,38,288.33334,408.44446
42,39,288.33334,418.66666
42,40,288.33334,428.8889
42,41,288.33334,439.1111
42,42,288.33334,449.33334
42,43,288.33334,459.55557
42,44,288.33334,469.77777
43,0,294.72223,19.979774
43,1,294.72223,30.221577
43,2,294.72223,40.445774
43,3,294.72223,50.66705
43,4,294.72223,60.890865
43,5,294.72223,71.112175
43,6,294.72223,81.333336
43,7,294.72223,91.549416
43,8,294.72223,101.764595
43,9,294.72223,111.98213
43,10,294.72223,122.19055
43,11,294.72223,132.41867
43,12,294.72223,142.63048
43,13,294.72223,152.85333
43,14,294.72223,163.07687
43,15,294.72223,173.3036
43,16,294.72223,183.52959
43,17,294.72223,193.74896
43,18,294.72223,203.95898
43,19,294.72223,214.17357
43,20,294.72223,224.45717
43,21,294.72223,234.66667
43,22,294.72223,244.88889
43,23,294.72223,255.11111
43,24,294.72223,265.33334
43,25,294.72223,275.55554
43,26,294.72223,285.77777
43,27,294.72223,296.0
43,28,294.72223,306.22223
43,29,294.72223,316.44446
43,30,294.72223,326.66666
43,31,294.72223,336.8889
43,32,294.72223,347.1111
43,33,294.72223,357.33334
43,34,294.72223,367.55557
43,35,294.72223,377.77777
43,36,294.72223,388.0
43,37,294.72223,398.22223
43,38,294.72223,408.44446
43,39,294.72223,418.66666
43,40,294.72223,428.8889
43,41,294.72223,439.1111
43,42,294.72223,449.33334
43,43,294.72223,459.55557
43,44,294.72223,469.77777
44,0,301.1111,19.980188
44,1,301.1111,30.22151
44,2,301.1111,40.445618
44,3,301.1111,50.66695
44,4,301.1111,60.89078
44,5,301.1111,71.112144
44,6,301.1111,81.33351
44,7,301.1111,91.54979
44,8,301.1111,101.765495
44,9,301.1111,111.98325
44,10,301.1111,122.19269
44,11,301.1111,132.42053
44,12,301.1111,142.63327
44,13,301.1111,152.85585
44,14,301.1111,163.07928
44,15,301.1111,173.30574
44,16,301.1111,183.53125
44,17,301.1111,193.75066
44,18,301.1111,203.96094
44,19,301.1111,214.17566
44,20,301.1111,224.4567
44,21,301.1111,234.66667
44,22,301.1111,244.88889
44,23,301.1111,255.11111
44,24,301.1111,265.33334
44,25,301.1111,275.55554
44,26,301.1111,285.77777
44,27,301.1111,296.0
44,28,301.1111,306.22223
44,29,301.1111,316.44446
44,30,301.1111,326.66666
44,31,301.1111,336.8889
44,32,301.1111,347.1111
44,33,301.1111,357.33334
44,34,301.1111,367.55557
44,35,301.1111,377.77777
44,36,301.1111,388.0
44,37,301.1111,398.22223
44,38,301.1111,408.44446
44,39,301.1111,418.66666
44,40,301.1111,428.8889
44,41,301.1111,439.1111
44,42,301.1111,449.33334
44,43,301.1111,459.55557
44,44,301.1111,469.77777
45,0,307.5,19.980589
45,1,307.5,30.221447
45,2,307.5,40.445473
45,3,307.5,50.66686
45,4,307.5,60.890705
45,5,307.5,71.11209
45,6,307.5,81.33368
45,7,307.5,91.550125
45,8,307.5,101.766304
45,9,307.5,111.984276
45,10,307.5,122.19459
45,11,307.5,132.42221
45,12,307.5,142.63574
45,13,307.5,152.85808
45,14,307.5,163.08139
45,15,307.5,173.30765
45,16,307.5,183.53273
45,17,307.5,193.7522
45,18,307.5,203.96272
45,19,307.5,214.17758
45,20,307.5,224.45625
45,21,307.5,234.66667
45,22,307.5,244.88889
45,23,307.5,255.11111
45,24,307.5,265.33334
45,25,307.5,275.55554
45,26,307.5,285.77777
45,27,307.5,296.0
45,28,307.5,306.22223
45,29,307.5,316.44446
45,30,307.5,326.66666
45,31,307.5,336.8889
45,32,307.5,347.1111
45,33,307.5,357.33334
45,34,307.5,367.55557
45,35,307.5,377.77777
45,36,307.5,388.0
45,37,307.5,398.22223
45,38,307.5,408.44446
45,39,307.5,418.66666
45,40,307.5,428.8889
45,41,307.5,439.1111
45,42,307.5,449.33334
45,43,307.5,459.55557
45,44,307.5,469.77777
46,0,313.8889,19.980968
46,1,313.8889,30.221395
46,2,313.8889,40.445343
46,3,313.8889,50.666775
46,4,313.8889,60.890633
46,5,313.8889,71.11206
46,6,313.8889,81.33382
46,7,313.8889,91.550446
46,8,313.8889,101.767044
46,9,313.8889,111.98521
46,10,313.8889,122.19629
46,11,313.8889,132.42369
46,12,313.8889,142.6379
46,13,313.8889,152.86006
46,14,313.8889,163.0833
46,15,313.8889,173.30934
46,16,313.8889,183.53409
46,17,313.8889,193.75356
46,18,313.8889,203.96436
46,19,313.8889,214.17937
46,20,313.8889,224.45584
46,21,313.8889,234.66667
46,22,313.8889,244.88889
46,23,313.8889,255.11111
46,24,313.8889,265.33334
46,25,313.8889,275.55554
46,26,313.8889,285.77777
46,27,313.8889,296.0
46,28,313.8889,306.22223
46,29,313.8889,316.44446
46,30,313.8889,326.66666
46,31,313.8889,336.8889
46,32,313.8889,347.1111
46,33,313.8889,357.33334
46,34,313.8889,367.55557
46,35,313.8889,377.77777
46,36,313.8889,388.0
46,37,313.8889,398.22223
46,38,313.8889,408.44446
46,39,313.8889,418.66666
46,40,313.8889,428.8889
46,41,313.8889,439.1111
46,42,313.8889,449.33334
46,43,313.8889,459.55557
46,44,313.8889,469.77777
47,0,320.27777,19.981337
47,1,320.27777,30.221346
47,2,320.27777,40.44523
47,3,320.27777,50.666702
47,4,320.27777,60.890564
47,5,320.27777,71.11203
47,6,320.27777,81.33395
47,7,320.27777,91.550735
47,8,320.27777,101.76771
47,9,320.27777,111.986046
47,10,320.27777,122.19783
47,11,320.27777,132.42503
47,12,320.27777,142.63983
47,13,320.27777,152.8618
47,14,320.27777,163.08498
47,15,320.27777,173.31087
47,16,320.27777,183.53531
47,17,320.27777,193.7548
47,18,320.27777,203.96585
47,19,320.27777,214.18098
47,20,320.27777,224.45546
47,21,320.27777,234.66667
47,22,320.27777,244.88889
47,23,320.27777,255.11111
47,24,320.27777,265.33334
47,25,320.27777,275.55554
47,26,320.27777,285.77777
47,27,320.27777,296.0
47,28,320.27777,306.22223
47,29,320.27777,316.44446
47,30,320.27777,326.66666
47,31,320.27777,336.8889
47,32,320.27777,347.1111
47,33,320.27777,357.33334
47,34,320.27777,367.55557
47,35,320.27777,377.77777
47,36,320.27777,388.0
47,37,320.27777,398.22223
47,38,320.27777,408.44446
47,39,320.27777,418.66666
47,40,320.27777,428.8889
47,41,320.27777,439.1111
47,42,320.27777,449.33334
47,43,320.27777,459.55557
47,44,320.27777,469.77777
48,0,326.66666,19.981693
48,1,326.66666,30.22131
48,2,326.66666,40.445114
48,3,326.66666,50.666634
48,4,326.66666,60.890495
48,5,326.66666,71.11199
48,6,326.66666,81.33405
48,7,326.66666,91.55101
48,8,326.66666,101.768326
48,9,326.66666,111.986824
48,10,326.66666,122.19922
48,11,326.66666,132.42625
48,12,326.66666,142.64154
48,13,326.66666,152.86339
48,14,326.66666,163.0865
48,15,326.66666,173.31226
48,16,326.66666,183.53639
48,17,326.66666,193.75595
48,18,326.66666,203.96722
48,19,326.66666,214.1825
48,20,326.66666,224.45511
48,21,326.66666,234.66667
48,22,326.66666,244.88889
48,23,326.66666,255.11111
48,24,326.66666,265.33334
48,25,326.66666,275.55554
48,26,326.66666,285.77777
48,27,326.66666,296.0
48,28,326.66666,306.22223
48,29,326.66666,316.44446
48,30,326.66666,326.66666
48,31,326.66666,336.8889
48,32,326.66666,347.1111
48,33,326.66666,357.33334
48,34,326.66666,367.55557
48,35,326.66666,377.77777
48,36,326.66666,388.0
48,37,326.66666,398.22223
48,38,326.66666,408.44446
48,39,326.66666,418.66666
48,40,326.66666,428.8889
48,41,326.66666,439.1111
48,42,326.66666,449.33334
48,43,326.66666,459.55557
48,44,326.66666,469.77777
49,0,333.05554,19.98204
49,1,333.05554,30.221272
49,2,333.05554,40.445015
49,3,333.05554,50.666573
49,4,333.05554,60.890434
49,5,333.05554,71.11196
49,6,333.05554,81.33415
49,7,333.05554,91.55125
49,8,333.05554,101.768875
49,9,333.05554,111.98753
49,10,333.05554,122.20049
49,11,333.05554,132.42734
49,12,333.05554,142.64308
49,13,333.05554,152.86482
49,14,333.05554,163.08788
49,15,333.05554,173.31349
49,16,333.05554,183.5374
49,17,333.05554,193.75699
49,18,333.05554,203.9685
49,19,333.05554,214.1839
49,20,333.05554,224.45477
49,21,333.05554,234.66667
49,22,333.05554,244.88889
49,23,333.05554,255.11111
49,24,333.05554,265.33334
49,25,333.05554,275.55554
49,26,333.05554,285.77777
49,27,333.05554,296.0
49,28,333.05554,306.22223
49,29,333.05554,316.44446
49,30,333.05554,326.66666
49,31,333.05554,336.8889
49,32,333.05554,347.1111
49,33,333.05554,357.33334
49,34,333.05554,367.55557
49,35,333.05554,377.77777
49,36,333.05554,388.0
49,37,333.05554,398.22223
49,38,333.05554,408.44446
49,39,333.05554,418.66666
49,40,333.05554,428.8889
49,41,333.05554,439.1111
49,42,333.05554,449.33334
49,43,333.05554,459.55557
49,44,333.05554,469.77777
50,0,339.44443,19.98237
50,1,339.44443,30.221237
50,2,339.44443,40.444927
50,3,339.44443,50.666515
50,4,339.44443,60.89038
50,5,339.44443,71.11193
50,6,339.44443,81.33424
50,7,339.44443,91.551476
50,8,339.44443,101.76939
50,9,339.44443,111.98819
50,10,339.44443,122.201645
50,11,339.44443,132.42834
50,12,339.44443,142.64449
50,13,339.44443,152.86612
50,14,339.44443,163.08911
50,15,339.44443,173.31462
50,16,339.44443,183.53831
50,17,339.44443,193.75793
50,18,339.44443,203.96968
50,19,339.44443,214.18521
50,20,339.44443,224.45445
50,21,339.44443,234.66667
50,22,339.44443,244.88889
50,23,339.44443,255.11111
50,24,339.44443,265.33334
50,25,339.44443,275.55554
50,26,339.44443,285.77777
50,27,339.44443,296.0
50,28,339.44443,306.22223
50,29,339.44443,316.44446
50,30,339.44443,326.66666
50,31,339.44443,336.8889
50,32,339.44443,347.1111
50,33,339.44443,357.33334
50,34,339.44443,367.55557
50,35,339.44443,377.77777
50,36,339.44443,388.0
50,37,339.44443,398.22223
50,38,339.44443,408.44446
50,39,339.44443,418.66666
50,40,339.44443,428.8889
50,41,339.44443,439.1111
50,42,339.44443,449.33334
50,43,339.44443,459.55557
50,44,339.44443,469.77777
51,0,345.83334,19.98269
51,1,345.83334,30.221207
51,2,345.83334,40.444836
51,3,345.83334,50.666462
51,4,345.83334,60.890324
51,5,345.83334,71.1119
51,6,345.83334,81.33432
51,7,345.83334,91.55169
51,8,345.83334,101.76986
51,9,345.83334,111.98879
51,10,345.83334,122.2027
51,11,345.83334,132.42926
51,12,345.83334,142.64574
51,13,345.83334,152.8673
51,14,345.83334,163.09026
51,15,345.83334,173.31566
51,16,345.83334,183.53914
51,17,345.83334,193.7588
51,18,345.83334,203.97078
51,19,345.83334,214.18643
51,20,345.83334,224.45416
51,21,345.83334,234.66667
51,22,345.83334,244.88889
51,23,345.83334,255.11111
51,24,345.83334,265.33334
51,25,345.83334,275.55554
51,26,345.83334,285.77777
51,27,345.83334,296.0
51,28,345.83334,306.22223
51,29,345.83334,316.44446
51,30,345.83334,326.66666
51,31,345.83334,336.8889
51,32,345.83334,347.1111
51,33,345.83334,357.33334
51,34,345.83334,367.55557
51,35,345.83334,377.77777
51,36,345.83334,388.0
51,37,345.83334,398.22223
51,38,345.83334,408.44446
51,39,345.83334,418.66666
51,40,345.83334,428.8889
51,41,345.83334,439.1111
51,42,345.83334,449.33334
51,43,345.83334,459.55557
51,44,345.83334,469.77777
52,0,352.22223,19.983
52,1,352.22223,30.221184
52,2,352.22223,40.44476
52,3,352.22223,50.666412
52,4,352.22223,60.890274
52,5,352.22223,71.11188
52,6,352.22223,81.334404
52,7,352.22223,91.55189
52,8,352.22223,101.77029
52,9,352.22223,111.98934
52,10,352.22223,122.20366
52,11,352.22223,132.43008
52,12,352.22223,142.64687
52,13,352.22223,152.86838
52,14,352.22223,163.0913
52,15,352.22223,173.31659
52,16,352.22223,183.53992
52,17,352.22223,193.75961
52,18,352.22223,203.9718
52,19,352.22223,214.18758
52,20,352.22223,224.45387
52,21,352.22223,234.66667
52,22,352.22223,244.88889
52,23,352.22223,255.11111
52,24,352.22223,265.33334
52,25,352.22223,275.55554
52,26,352.22223,285.77777
52,27,352.22223,296.0
52,28,352.22223,306.22223
52,29,352.22223,316.44446
52,30,352.22223,326.66666
52,31,352.22223,336.8889
52,32,352.22223,347.1111
52,33,352.22223,357.33334
52,34,352.22223,367.55557
52,35,352.22223,377.77777
52,36,352.22223,388.0
52,37,352.22223,398.22223
52,38,352.22223,408.44446
52,39,352.22223,418.66666
52,40,352.22223,428.8889
52,41,352.22223,439.1111
52,42,352.22223,449.33334
52,43,352.22223,459.55557
52,44,352.22223,469.77777
53,0,358.6111,19.983295
53,1,358.6111,30.221159
53,2,358.6111,40.444687
53,3,358.6111,50.666363
53,4,358.6111,60.89022
53,5,358.6111,71.11185
53,6,358.6111,81.33446
53,7,358.6111,91.55206
53,8,358.6111,101.77068
53,9,358.6111,111.98986
53,10,358.6111,122.20455
53,11,358.6111,132.43086
53,12,358.6111,142.64792
53,13,358.6111,152.86935
53,14,358.6111,163.09224
53,15,358.6111,173.31744
53,16,358.6111,183.54062
53,17,358.6111,193.76036
53,18,358.6111,203.97275
53,19,358.6111,214.18867
53,20,358.6111,224.45361
53,21,358.6111,234.66667
53,22,358.6111,244.88889
53,23,358.6111,255.11111
53,24,358.6111,265.33334
53,25,358.6111,275.55554
53,26,358.6111,285.77777
53,27,358.6111,296.0
53,28,358.6111,306.22223
53,29,358.6111,316.44446
53,30,358.6111,326.66666
53,31,358.6111,336.8889
53,32,358.6111,347.1111
53,33,358.6111,357.33334
53,34,358.6111,367.55557
53,35,358.6111,377.77777
53,36,358.6111,388.0
53,37,358.6111,398.22223
53,38,358.6111,408.44446
53,39,358.6111,418.66666
53,40,358.6111,428.8889
53,41,358.6111,439.1111
53,42,358.6111,449.33334
53,43,358.6111,459.55557
53,44,358.6111,469.77777
54,0,365.0,19.983587
54,1,365.0,30.221142
54,2,365.0,40.444622
54,3,365.0,50.66633
54,4,365.0,60.890175
54,5,365.0,71.11183
54,6,365.0,81.33451
54,7,365.0,91.552246
54,8,365.0,101.77106
54,9,365.0,111.99034
54,10,365.0,122.20537
54,11,365.0,132.43156
54,12,365.0,142.64888
54,13,365.0,152.87025
54,14,365.0,163.09312
54,15,365.0,173.31824
54,16,365.0,183.54128
54,17,365.0,193.76106
54,18,365.0,203.97363
54,19,365.0,214.18968
54,20,365.0,224.45337
54,21,365.0,234.66667
54,22,365.0,244.88889
54,23,365.0,255.11111
54,24,365.0,265.33334
54,25,365.0,275.55554
54,26,365.0,285.77777
54,27,365.0,296.0
54,28,365.0,306.22223
54,29,365.0,316.44446
54,30,365.0,326.66666
54,31,365.0,336.8889
54,32,365.0,347.1111
54,33,365.0,357.33334
54,34,365.0,367.55557
54,35,365.0,377.77777
54,36,365.0,388.0
54,37,365.0,398.22223
54,38,365.0,408.44446
54,39,365.0,418.66666
54,40,365.0,428.8889
54,41,365.0,439.1111
54,42,365.0,449.33334
54,43,365.0,459.55557
54,44,365.0,469.77777
55,0,371.3889,19.983868
55,1,371.3889,30.221123
55,2,371.3889,40.44456
55,3,371.3889,50.666294
55,4,371.3889,60.89013
55,5,371.3889,71.11181
55,6,371.3889,81.334564
55,7,371.3889,91.5524
55,8,371.3889,101.77139
55,9,371.3889,111.99078
55,10,371.3889,122.20614
55,11,371.3889,132.4322
55,12,371.3889,142.64977
55,13,371.3889,152.87111
55,14,371.3889,163.09393
55,15,371.3889,173.31895
55,16,371.3889,183.54189
55,17,371.3889,193.7617
55,18,371.3889,203.97447
55,19,371.3889,214.19063
55,20,371.3889,224.45312
55,21,371.3889,234.66667
55,22,371.3889,244.88889
55,23,371.3889,255.11111
55,24,371.3889,265.33334
55,25,371.3889,275.55554
55,26,371.3889,285.77777
55,27,371.3889,296.0
55,28,371.3889,306.22223
55,29,371.3889,316.44446
55,30,371.3889,326.66666
55,31,371.3889,336.8889
55,32,371.3889,347.1111
55,33,371.3889,357.33334
55,34,371.3889,367.55557
55,35,371.3889,377.77777
55,36,371.3889,388.0
55,37,371.3889,398.22223
55,38,371.3889,408.44446
55,39,371.3889,418.66666
55,40,371.3889,428.8889
55,41,371.3889,439.1111
55,42,371.3889,449.33334
55,43,371.3889,459.55557
55,44,371.3889,469.77777
56,0,377.77777,19.984138
56,1,377.77777,30.221107
56,2,377.77777,40.4445
56,3,377.77777,50.666256
56,4,377.77777,60.890083
56,5,377.77777,71.111786
56,6,377.77777,81.33461
56,7,377.77777,91.55255
56,8,377.77777,101.77171
56,9,377.77777,111.991196
56,10,377.77777,122.20685
56,11,377.77777,132.4328
56,12,377.77777,142.65056
56,13,377.77777,152.87186
56,14,377.77777,163.09468
56,15,377.77777,173.31964
56,16,377.77777,183.54245
56,17,377.77777,193.7623
56,18,377.77777,203.97525
56,19,377.77777,214.19153
56,20,377.77777,224.45291
56,21,377.77777,234.66667
56,22,377.77777,244.88889
56,23,377.77777,255.11111
56,24,377.77777,265.33334
56,25,377.77777,275.55554
56,26,377.77777,285.77777
56,27,377.77777,296.0
56,28,377.77777,306.22223
56,29,377.77777,316.44446
56,30,377.77777,326.66666
56,31,377.77777,336.8889
56,32,377.77777,347.1111
56,33,377.77777,357.33334
56,34,377.77777,367.55557
56,35,377.77777,377.77777
56,36,377.77777,388.0
56,37,377.77777,398.22223
56,38,377.77777,408.44446
56,39,377.77777,418.66666
56,40,377.77777,428.8889
56,41,377.77777,439.1111
56,42,377.77777,449.33334
56,43,377.77777,459.55557
56,44,377.77777,469.77777
57,0,384.16666,19.984396
57,1,384.16666,30.221096
57,2,384.16666,40.444447
57,3,384.16666,50.666225
57,4,384.16666,60.890053
57,5,384.16666,71.111755
57,6,384.16666,81.33464
57,7,384.16666,91.55269
57,8,384.16666,101.77202
57,9,384.16666,111.99158
57,10,384.16666,122.2075
57,11,384.16666,132.43336
57,12,384.16666,142.6513
57,13,384.16666,152.87259
57,14,384.16666,163.09537
57,15,384.16666,173.32027
57,16,384.16666,183.54297
57,17,384.16666,193.76286
57,18,384.16666,203.97598
57,19,384.16666,214.19237
57,20,384.16666,224.4527
57,21,384.16666,234.66667
57,22,384.16666,244.88889
57,23,384.16666,255.11111
57,24,384.16666,265.33334
57,25,384.16666,275.55554
57,26,384.16666,285.77777
57,27,384.16666,296.0
57,28,384.16666,306.22223
57,29,384.16666,316.44446
57,30,384.16666,326.66666
57,31,384.16666,336.8889
57,32,384.16666,347.1111
57,33,384.16666,357.33334
57,34,384.16666,367.55557
57,35,384.16666,377.77777
57,36,384.16666,388.0
57,37,384.16666,398.22223
57,38,384.16666,408.44446
57,39,384.16666,418.66666
57,40,384.16666,428.8889
57,41,384.16666,439.1111
57,42,384.16666,449.33334
57,43,384.16666,459.55557
57,44,384.16666,469.77777
58,0,390.55554,19.984653
58,1,390.55554,30.221087
58,2,390.55554,40.4444
58,3,390.55554,50.666195
58,4,390.55554,60.890015
58,5,390.55554,71.11173
58,6,390.55554,81.33469
58,7,390.55554,91.55282
58,8,390.55554,101.772285
58,9,390.55554,111.99194
58,10,390.55554,122.20811
58,11,390.55554,132.43387
58,12,390.55554,142.65201
58,13,390.55554,152.87325
58,14,390.55554,163.09601
58,15,390.55554,173.32085
58,16,390.55554,183.54344
58,17,390.55554,193.76338
58,18,390.55554,203.97668
58,19,390.55554,214.19319
58,20,390.55554,224.45248
58,21,390.55554,234.66667
58,22,390.55554,244.88889
58,23,390.55554,255.11111
58,24,390.55554,265.33334
58,25,390.55554,275.55554
58,26,390.55554,285.77777
58,27,390.55554,296.0
58,28,390.55554,306.22223
58,29,390.55554,316.44446
58,30,390.55554,326.66666
58,31,390.55554,336.8889
58,32,390.55554,347.1111
58,33,390.55554,357.33334
58,34,390.55554,367.55557
58,35,390.55554,377.77777
58,36,390.55554,388.0
58,37,390.55554,398.22223
58,38,390.55554,408.44446
58,39,390.55554,418.66666
58,40,390.55554,428.8889
58,41,390.55554,439.1111
58,42,390.55554,449.33334
58,43,390.55554,459.55557
58,44,390.55554,469.77777
59,0,396.94443,19.9849
59,1,396.94443,30.221079
59,2,396.94443,40.44436
59,3,396.94443,50.66617
59,4,396.94443,60.889977
59,5,396.94443,71.11172
59,6,396.94443,81.33472
59,7,396.94443,91.55295
59,8,396.94443,101.772545
59,9,396.94443,111.99228
59,10,396.94443,122.20868
59,11,396.94443,132.43434
59,12,396.94443,142.65265
59,13,396.94443,152.87386
59,14,396.94443,163.0966
59,15,396.94443,173.32138
59,16,396.94443,183.5439
59,17,396.94443,193.76389
59,18,396.94443,203.97734
59,19,396.94443,214.19394
59,20,396.94443,224.4523
59,21,396.94443,234.66667
59,22,396.94443,244.88889
59,23,396.94443,255.11111
59,24,396.94443,265.33334
59,25,396.94443,275.55554
59,26,396.94443,285.77777
59,27,396.94443,296.0
59,28,396.94443,306.22223
59,29,396.94443,316.44446
59,30,396.94443,326.66666
59,31,396.94443,336.8889
59,32,396.94443,347.1111
59,33,396.94443,357.33334
59,34,396.94443,367.55557
59,35,396.94443,377.77777
59,36,396.94443,388.0
59,37,396.94443,398.22223
59,38,396.94443,408.44446
59,39,396.94443,418.66666
59,40,396.94443,428.8889
59,41,396.94443,439.1111
59,42,396.94443,449.33334
59,43,396.94443,459.55557
59,44,396.94443,469.77777
60,0,403.33334,19.985134
60,1,403.33334,30.221071
60,2,403.33334,40.444317
60,3,403.33334,50.666145
60,4,403.33334,60.88994
60,5,403.33334,71.1117
60,6,403.33334,81.33474
60,7,403.33334,91.553055
60,8,403.33334,101.77277
60,9,403.33334,111.99259
60,10,403.33334,122.20922
60,11,403.33334,132.4348
60,12,403.33334,142.65323
60,13,403.33334,152.87444
60,14,403.33334,163.09717
60,15,403.33334,173.32188
60,16,403.33334,183.54434
60,17,403.33334,193.76434
60,18,403.33334,203.97797
60,19,403.33334,214.19466
60,20,403.33334,224.45212
60,21,403.33334,234.66667
60,22,403.33334,244.88889
60,23,403.33334,255.11111
60,24,403.33334,265.33334
60,25,403.33334,275.55554
60,26,403.33334,285.77777
60,27,403.33334,296.0
60,28,403.33334,306.22223
60,29,403.33334,316.44446
60,30,403.33334,326.66666
60,31,403.33334,336.8889
60,32,403.33334,347.1111
60,33,403.33334,357.33334
60,34,403.33334,367.55557
60,35,403.33334,377.77777
60,36,403.33334,388.0
60,37,403.33334,398.22223
60,38,403.33334,408.44446
60,39,403.33334,418.66666
60,40,403.33334,428.8889
60,41,403.33334,439.1111
60,42,403.33334,449.33334
60,43,403.33334,459.55557
60,44,403.33334,469.77777
61,0,409.72223,19.985367
61,1,409.72223,30.221062
61,2,409.72223,40.44428
61,3,409.72223,50.666122
61,4,409.72223,60.88991
61,5,409.72223,71.11168
61,6,409.72223,81.33477
61,7,409.72223,91.55316
61,8,409.72223,101.773
61,9,409.72223,111.99289
61,10,409.72223,122.20971
61,11,409.72223,132.43521
61,12,409.72223,142.6538
61,13,409.72223,152.87497
61,14,409.72223,163.09769
61,15,409.72223,173.32234
61,16,409.72223,183.54474
61,17,409.72223,193.76477
61,18,409.72223,203.97855
61,19,409.72223,214.19534
61,20,409.72223,224.45193
61,21,409.72223,234.66667
61,22,409.72223,244.88889
61,23,409.72223,255.11111
61,24,409.72223,265.33334
61,25,409.72223,275.55554
61,26,409.72223,285.77777
61,27,409.72223,296.0
61,28,409.72223,306.22223
61,29,409.72223,316.44446
61,30,409.72223,326.66666
61,31,409.72223,336.8889
61,32,409.72223,347.1111
61,33,409.72223,357.33334
61,34,409.72223,367.55557
61,35,409.72223,377.77777
61,36,409.72223,388.0
61,37,409.72223,398.22223
61,38,409.72223,408.44446
61,39,409.72223,418.66666
61,40,409.72223,428.8889
61,41,409.72223,439.1111
61,42,409.72223,449.33334
61,43,409.72223,459.55557
61,44,409.72223,469.77777
62,0,416.1111,19.98559
62,1,416.1111,30.221056
62,2,416.1111,40.44424
62,3,416.1111,50.666107
62,4,416.1111,60.88988
62,5,416.1111,71.11167
62,6,416.1111,81.33479
62,7,416.1111,91.55327
62,8,416.1111,101.773224
62,9,416.1111,111.99317
62,10,416.1111,122.21018
62,11,416.1111,132.43561
62,12,416.1111,142.6543
62,13,416.1111,152.87547
62,14,416.1111,163.09818
62,15,416.1111,173.32278
62,16,416.1111,183.54512
62,17,416.1111,193.76518
62,18,416.1111,203.97911
62,19,416.1111,214.19601
62,20,416.1111,224.45177
62,21,416.1111,234.66667
62,22,416.1111,244.88889
62,23,416.1111,255.11111
62,24,416.1111,265.33334
62,25,416.1111,275.55554
62,26,416.1111,285.77777
62,27,416.1111,296.0
62,28,416.1111,306.22223
62,29,416.1111,316.44446
62,30,416.1111,326.66666
62,31,416.1111,336.8889
62,32,416.1111,347.1111
62,33,416.1111,357.33334
62,34,416.1111,367.55557
62,35,416.1111,377.77777
62,36,416.1111,388.0
62,37,416.1111,398.22223
62,38,416.1111,408.44446
62,39,416.1111,418.66666
62,40,416.1111,428.8889
62,41,416.1111,439.1111
62,42,416.1111,449.33334
62,43,416.1111,459.55557
62,44,416.1111,469.77777
63,0,422.5,19.985811
63,1,422.5,30.221052
63,2,422.5,40.444206
63,3,422.5,50.666084
63,4,422.5,60.88985
63,5,422.5,71.11165
63,6,422.5,81.33481
63,7,422.5,91.553375
63,8,422.5,101.77342
63,9,422.5,111.99344
63,10,422.5,122.210625
63,11,422.5,132.43597
63,12,422.5,142.65479
63,13,422.5,152.87595
63,14,422.5,163.09863
63,15,422.5,173.3232
63,16,422.5,183.54546
63,17,422.5,193.76556
63,18,422.5,203.97963
63,19,422.5,214.19662
63,20,422.5,224.45161
63,21,422.5,234.66667
63,22,422.5,244.88889
63,23,422.5,255.11111
63,24,422.5,265.33334
63,25,422.5,275.55554
63,26,422.5,285.77777
63,27,422.5,296.0
63,28,422.5,306.22223
63,29,422.5,316.44446
63,30,422.5,326.66666
63,31,422.5,336.8889
63,32,422.5,347.1111
63,33,422.5,357.33334
63,34,422.5,367.55557
63,35,422.5,377.77777
63,36,422.5,388.0
63,37,422.5,398.22223
63,38,422.5,408.44446
63,39,422.5,418.66666
63,40,422.5,428.8889
63,41,422.5,439.1111
63,42,422.5,449.33334
63,43,422.5,459.55557
63,44,422.5,469.77777
64,0,428.8889,19.986021
64,1,428.8889,30.22105
64,2,428.8889,40.444176
64,3,428.8889,50.66606
64,4,428.8889,60.88982
64,5,428.8889,71.11164
64,6,428.8889,81.33484
64,7,428.8889,91.55345
64,8,428.8889,101.7736
64,9,428.8889,111.993675
64,10,428.8889,122.21104
64,11,428.8889,132.43631
64,12,428.8889,142.65524
64,13,428.8889,152.87639
64,14,428.8889,163.09906
64,15,428.8889,173.32358
64,16,428.8889,183.5458
64,17,428.8889,193.76593
64,18,428.8889,203.98013
64,19,428.8889,214.1972
64,20,428.8889,224.45146
64,21,428.8889,234.66667
64,22,428.8889,244.88889
64,23,428.8889,255.11111
64,24,428.8889,265.33334
64,25,428.8889,275.55554
64,26,428.8889,285.77777
64,27,428.8889,296.0
64,28,428.8889,306.22223
64,29,428.8889,316.44446
64,30,428.8889,326.66666
64,31,428.8889,336.8889
64,32,428.8889,347.1111
64,33,428.8889,357.33334
64,34,428.8889,367.55557
64,35,428.8889,377.77777
64,36,428.8889,388.0
64,37,428.8889,398.22223
64,38,428.8889,408.44446
64,39,428.8889,418.66666
64,40,428.8889,428.8889
64,41,428.8889,439.1111
64,42,428.8889,449.33334
64,43,428.8889,459.55557
64,44,428.8889,469.77777
65,0,435.27777,19.986225
65,1,435.27777,30.221046
65,2,435.27777,40.444145
65,3,435.27777,50.666046
65,4,435.27777,60.889793
65,5,435.27777,71.11162
65,6,435.27777,81.33485
65,7,435.27777,91.55354
65,8,435.27777,101.77378
65,9,435.27777,111.99391
65,10,435.27777,122.211426
65,11,435.27777,132.43665
65,12,435.27777,142.65567
65,13,435.27777,152.87682
65,14,435.27777,163.09947
65,15,435.27777,173.32393
65,16,435.27777,183.54613
65,17,435.27777,193.76628
65,18,435.27777,203.98062
65,19,435.27777,214.19778
65,20,435.27777,224.45131
65,21,435.27777,234.66667
65,22,435.27777,244.88889
65,23,435.27777,255.11111
65,24,435.27777,265.33334
65,25,435.27777,275.55554
65,26,435.27777,285.77777
65,27,435.27777,296.0
65,28,435.27777,306.22223
65,29,435.27777,316.44446
65,30,435.27777,326.66666
65,31,435.27777,336.8889
65,32,435.27777,347.1111
65,33,435.27777,357.33334
65,34,435.27777,367.55557
65,35,435.27777,377.77777
65,36,435.27777,388.0
65,37,435.27777,398.22223
65,38,435.27777,408.44446
65,39,435.27777,418.66666
65,40,435.27777,428.8889
65,41,435.27777,439.1111
65,42,435.27777,449.33334
65,43,435.27777,459.55557
65,44,435.27777,469.77777
66,0,441.66666,19.986422
66,1,441.66666,30.221048
66,2,441.66666,40.444115
66,3,441.66666,50.666035
66,4,441.66666,60.889767
66,5,441.66666,71.1116
66,6,441.66666,81.33485
66,7,441.66666,91.55362
66,8,441.66666,101.77395
66,9,441.66666,111.99413
66,10,441.66666,122.21179
66,11,441.66666,132.43694
66,12,441.66666,142.65607
66,13,441.66666,152.87721
66,14,441.66666,163.09984
66,15,441.66666,173.32426
66,16,441.66666,183.54642
66,17,441.66666,193.7666
66,18,441.66666,203.98108
66,19,441.66666,214.19832
66,20,441.66666,224.45117
66,21,441.66666,234.66667
66,22,441.66666,244.88889
66,23,441.66666,255.11111
66,24,441.66666,265.33334
66,25,441.66666,275.55554
66,26,441.66666,285.77777
66,27,441.66666,296.0
66,28,441.66666,306.22223
66,29,441.66666,316.44446
66,30,441.66666,326.66666
66,31,441.66666,336.8889
66,32,441.66666,347.1111
66,33,441.66666,357.33334
66,34,441.66666,367.55557
66,35,441.66666,377.77777
66,36,441.66666,388.0
66,37,441.66666,398.22223
66,38,441.66666,408.44446
66,39,441.66666,418.66666
66,40,441.66666,428.8889
66,41,441.66666,439.1111
66,42,441.66666,449.33334
66,43,441.66666,459.55557
66,44,441.66666,469.77777
67,0,448.05554,19.986614
67,1,448.05554,30.221046
67,2,448.05554,40.444088
67,3,448.05554,50.66602
67,4,448.05554,60.88974
67,5,448.05554,71.111595
67,6,448.05554,81.33486
67,7,448.05554,91.55371
67,8,448.05554,101.77409
67,9,448.05554,111.99435
67,10,448.05554,122.21214
67,11,448.05554,132.43723
67,12,448.05554,142.65645
67,13,448.05554,152.87758
67,14,448.05554,163.10022
67,15,448.05554,173.32458
67,16,448.05554,183.54669
67,17,448.05554,193.7669
67,18,448.05554,203.9815
67,19,448.05554,214.19884
67,20,448.05554,224.45103
67,21,448.05554,234.66667
67,22,448.05554,244.88889
67,23,448.05554,255.11111
67,24,448.05554,265.33334
67,25,448.05554,275.55554
67,26,448.05554,285.77777
67,27,448.05554,296.0
67,28,448.05554,306.22223
67,29,448.05554,316.44446
67,30,448.05554,326.66666
67,31,448.05554,336.8889
67,32,448.05554,347.1111
67,33,448.05554,357.33334
67,34,448.05554,367.55557
67,35,448.05554,377.77777
67,36,448.05554,388.0
67,37,448.05554,398.22223
67,38,448.05554,408.44446
67,39,448.05554,418.66666
67,40,448.05554,428.8889
67,41,448.05554,439.1111
67,42,448.05554,449.33334
67,43,448.05554,459.55557
67,44,448.05554,469.77777
68,0,454.44443,19.986805
68,1,454.44443,30.221048
68,2,454.44443,40.44407
68,3,454.44443,50.666004
68,4,454.44443,60.889717
68,5,454.44443,71.11158
68,6,454.44443,81.33487
68,7,454.44443,91.55377
68,8,454.44443,101.77425
68,9,454.44443,111.99454
68,10,454.44443,122.21247
68,11,454.44443,132.43748
68,12,454.44443,142.6568
68,13,454.44443,152.87793
68,14,454.44443,163.10054
68,15,454.44443,173.32489
68,16,454.44443,183.54695
68,17,454.44443,193.7672
68,18,454.44443,203.98192
68,19,454.44443,214.19934
68,20,454.44443,224.4509
68,21,454.44443,234.66667
68,22,454.44443,244.88889
68,23,454.44443,255.11111
68,24,454.44443,265.33334
68,25,454.44443,275.55554
68,26,454.44443,285.77777
68,27,454.44443,296.0
68,28,454.44443,306.22223
68,29,454.44443,316.44446
68,30,454.44443,326.66666
68,31,454.44443,336.8889
68,32,454.44443,347.1111
68,33,454.44443,357.33334
68,34,454.44443,367.55557
68,35,454.44443,377.77777
68,36,454.44443,388.0
68,37,454.44443,398.22223
68,38,454.44443,408.44446
68,39,454.44443,418.66666
68,40,454.44443,428.8889
68,41,454.44443,439.1111
68,42,454.44443,449.33334
68,43,454.44443,459.55557
68,44,454.44443,469.77777
69,0,460.83334,19.986988
69,1,460.83334,30.22105
69,2,460.83334,40.444042
69,3,460.83334,50.666
69,4,460.83334,60.889694
69,5,460.83334,71.11157
69,6,460.83334,81.33488
69,7,460.83334,91.55385
69,8,460.83334,101.77439
69,9,460.83334,111.99473
69,10,460.83334,122.21278
69,11,460.83334,132.43774
69,12,460.83334,142.65714
69,13,460.83334,152.87827
69,14,460.83334,163.10088
69,15,460.83334,173.32518
69,16,460.83334,183.54721
69,17,460.83334,193.76747
69,18,460.83334,203.98232
69,19,460.83334,214.19983
69,20,460.83334,224.45078
69,21,460.83334,234.66667
69,22,460.83334,244.88889
69,23,460.83334,255.11111
69,24,460.83334,265.33334
69,25,460.83334,275.55554
69,26,460.83334,285.77777
69,27,460.83334,296.0
69,28,460.83334,306.22223
69,29,460.83334,316.44446
69,30,460.83334,326.66666
69,31,460.83334,336.8889
69,32,460.83334,347.1111
69,33,460.83334,357.33334
69,34,460.83334,367.55557
69,35,460.83334,377.77777
69,36,460.83334,388.0
69,37,460.83334,398.22223
69,38,460.83334,408.44446
69,39,460.83334,418.66666
69,40,460.83334,428.8889
69,41,460.83334,439.1111
69,42,460.83334,449.33334
69,43,460.83334,459.55557
69,44,460.83334,469.77777
70,0,467.22223,19.987164
70,1,467.22223,30.22105
70,2,467.22223,40.44403
70,3,467.22223,50.66599
70,4,467.22223,60.889668
70,5,467.22223,71.11156
70,6,467.22223,81.334885
70,7,467.22223,91.55392
70,8,467.22223,101.77451
70,9,467.22223,111.99491
70,10,467.22223,122.21307
70,11,467.22223,132.43799
70,12,467.22223,142.65746
70,13,467.22223,152.87856
70,14,467.22223,163.10118
70,15,467.22223,173.32544
70,16,467.22223,183.54744
70,17,467.22223,193.76775
70,18,467.22223,203.9827
70,19,467.22223,214.20026
70,20,467.22223,224.45065
70,21,467.22223,234.66667
70,22,467.22223,244.88889
70,23,467.22223,255.11111
70,24,467.22223,265.33334
70,25,467.22223,275.55554
70,26,467.22223,285.77777
70,27,467.22223,296.0
70,28,467.22223,306.22223
70,29,467.22223,316.44446
70,30,467.22223,326.66666
70,31,467.22223,336.8889
70,32,467.22223,347.1111
70,33,467.22223,357.33334
70,34,467.22223,367.55557
70,35,467.22223,377.77777
70,36,467.22223,388.0
70,37,467.22223,398.22223
70,38,467.22223,408.44446
70,39,467.22223,418.66666
70,40,467.22223,428.8889
70,41,467.22223,439.1111
70,42,467.22223,449.33334
70,43,467.22223,459.55557
70,44,467.22223,469.77777
71,0,473.6111,19.98734
71,1,473.6111,30.22105
71,2,473.6111,40.444008
71,3,473.6111,50.665974
71,4,473.6111,60.889652
71,5,473.6111,71.11155
71,6,473.6111,81.3349
71,7,473.6111,91.55398
71,8,473.6111,101.77464
71,9,473.6111,111.99507
71,10,473.6111,122.213356
71,11,473.6111,132.43822
71,12,473.6111,142.65775
71,13,473.6111,152.87888
71,14,473.6111,163.10147
71,15,473.6111,173.3257
71,16,473.6111,183.54767
71,17,473.6111,193.768
71,18,473.6111,203.98306
71,19,473.6111,214.2007
71,20,473.6111,224.45055
71,21,473.6111,234.66667
71,22,473.6111,244.88889
71,23,473.6111,255.11111
71,24,473.6111,265.33334
71,25,473.6111,275.55554
71,26,473.6111,285.77777
71,27,473.6111,296.0
71,28,473.6111,306.22223
71,29,473.6111,316.44446
71,30,473.6111,326.66666
71,31,473.6111,336.8889
71,32,473.6111,347.1111
71,33,473.6111,357.33334
71,34,473.6111,367.55557
71,35,473.6111,377.77777
71,36,473.6111,388.0
71,37,473.6111,398.22223
71,38,473.6111,408.44446
71,39,473.6111,418.66666
71,40,473.6111,428.8889
71,41,473.6111,439.1111
71,42,473.6111,449.33334
71,43,473.6111,459.55557
71,44,473.6111,469.77777
